aa_pos	aa_ref	aa_alt	quality_score	num_replicates	fitness_input	fitness_input_sd
1631	S	C	393	2	0.133622446	0.730362453
1631	S	G	534	2	0.305708318	0.112133662
1631	S	I	600	2	-1.180831843	0.098591774
1631	S	N	356	2	-0.610018672	0.647734359
1631	S	R	597.3333333	2	-0.056461729	0.092184416
1631	S	S	515	2	0.325442005	0.269330327
1631	S	T	521	2	-0.895747939	0.210467724
1632	V	A	447	2	-0.016459956	0.431200472
1632	V	E	623	2	0.185324554	0.502060604
1632	V	G	560	2	-0.554260259	0.059172754
1632	V	L	593.5	2	-0.377064602	0.035433542
1632	V	M	352	2	-0.439777683	0.038983896
1632	V	V	599.6666667	2	-0.190829216	0.047125246
1633	S	C	539	2	1.094138314	0.580540057
1633	S	G	536	2	-0.25265094	0.147453722
1633	S	I	636	2	0.050632554	0.530921425
1633	S	N	511	2	-0.122721153	0.294339215
1633	S	R	618.3333333	2	-0.330519659	0.163443135
1633	S	S	578	2	-0.498563474	0.29324547
1633	S	T	560	2	-0.412856231	0.130509907
1634	R	G	455	2	0.519292947	0.624145815
1634	R	K	579	2	0.268767599	0.717726802
1634	R	R	647	2	-0.480590719	0.034403781
1634	R	S	615.5	2	0.877712581	0.337410062
1634	R	T	474	2	0.702940696	0.437662418
1635	E	*	507	2	-2.463618088	0.849764261
1635	E	A	495	2	-0.165063122	0.584037983
1635	E	D	528	2	-0.333865569	0.168118325
1635	E	E	718	2	-0.043418238	0.06773291
1635	E	G	616	2	-0.096754392	0.797126093
1635	E	K	619	2	0.218818423	0.09358267
1635	E	Q	486	2	-0.312102905	0.262636303
1635	E	V	760	2	-0.11312094	0.163564036
1636	K	*	521	2	-1.656891111	0.021952046
1636	K	E	530	2	0.646739008	0.009101058
1636	K	K	474	2	0.106967524	0.372149125
1636	K	M	725	2	-0.077995721	0.336023325
1636	K	N	876	2	0.061415287	0.304404135
1636	K	Q	701	2	0.416121154	0.355391264
1636	K	R	544	2	0.016185996	0.601076835
1636	K	T	814	2	0.011965819	0.106551982
1637	P	A	725	2	0.271299863	0.375126468
1637	P	L	813	2	-0.417492856	0.847264102
1637	P	P	689.3333333	2	-0.152262741	0.14748127
1637	P	Q	749	2	-0.286928235	1.024553315
1637	P	R	854	2	-0.061755842	0.319337456
1637	P	S	585	2	0.377990217	0.307917173
1637	P	T	710	2	-0.65991885	0.062116927
1638	E	*	572	2	-2.445164156	1.02906453
1638	E	A	671	2	0.112986175	0.518078144
1638	E	D	574.5	2	-0.218992997	0.397499646
1638	E	E	725	2	-0.081573029	0.582135542
1638	E	G	444	2	-0.191476377	0.134431234
1638	E	K	294	2	-0.425459444	0.41732655
1638	E	Q	491	2	0.209717916	0.814705188
1638	E	V	617	2	-0.276578724	0.417013363
1639	L	*	808	2	-2.471397756	0.235902509
1639	L	F	678	2	0.232586855	0.391371282
1639	L	L	664	2	0.01698693	0.028098957
1639	L	M	565	2	-0.129775074	0.316722113
1639	L	S	641	2	0.396995548	0.819406865
1639	L	V	721	2	0.985678872	0.431937424
1639	L	W	460	2	-0.156545824	1.140042506
1640	T	A	842	2	-0.239408828	0.83464387
1640	T	I	661	2	-0.021898698	0.392816921
1640	T	K	599	2	0.036828949	1.01785817
1640	T	P	507	2	0.331681383	1.086143418
1640	T	R	969	2	-0.113288212	0.322562177
1640	T	S	624	2	-0.125729669	0.261894905
1640	T	T	636	2	-0.162698945	0.124293769
1641	A	A	500	2	-0.392923339	0.186413579
1641	A	D	622	2	0.441891175	0.354099208
1641	A	G	756	2	-0.288384856	0.22239354
1641	A	P	794	2	-0.287473572	0.076853412
1641	A	S	760	2	-0.927134134	0.586312522
1641	A	T	631	2	0.375689478	0.736374806
1641	A	V	423	2	0.362735801	0.870280425
1642	S	*	644	2	-2.161836054	0.236220293
1642	S	A	625	2	-0.048817492	0.044905373
1642	S	L	661	2	0.056911605	0.336689461
1642	S	P	681	2	0.46069813	0.290859491
1642	S	S	661	2	0.014261898	0.56833107
1642	S	T	391	2	0.432342353	0.477526292
1643	T	A	619	2	0.124293669	0.184908361
1643	T	I	490	2	-0.17456542	0.595221441
1643	T	K	552	2	-0.159561513	0.693173898
1643	T	P	818	2	-0.075218103	0.011474072
1643	T	R	718	2	-0.226536685	0.415397859
1643	T	S	553	2	0.32223981	0.073151402
1643	T	T	611.6666667	2	-0.033083135	0.140998756
1644	E	*	924	2	-2.119878919	0.354948066
1644	E	A	808	2	-0.128459395	0.124780272
1644	E	D	734.5	2	0.054106357	0.169976558
1644	E	E	889	2	-0.157215428	0.243642859
1644	E	G	815	2	0.019628499	0.610243721
1644	E	K	715	2	-0.195403393	0.476806355
1644	E	Q	596	2	0.288594317	0.070365483
1644	E	V	707	2	-0.070783936	0.251067485
1645	R	G	711	2	0.292396293	0.371069056
1645	R	K	581	2	-0.056075172	0.624257614
1645	R	M	345	2	-0.777459733	0.826990458
1645	R	R	832.5	2	0.157242196	0.185984714
1645	R	S	801.5	2	-0.087002132	0.739259247
1645	R	T	683	2	0.13406208	0.529439124
1645	R	W	909	2	-0.027223932	0.37966541
1646	V	A	671	2	0.052774638	0.086327358
1646	V	D	801	2	0.013159575	0.150020883
1646	V	F	836	2	-0.455977914	0.012992972
1646	V	G	537	2	0.512206875	0.235372318
1646	V	I	490	2	-0.283400558	0.624225116
1646	V	L	505	2	-0.233034711	0.079682259
1646	V	V	800.3333333	2	-1.167921747	0.121121702
1647	N	D	639	2	-0.095048221	0.299643515
1647	N	H	699	2	0.062515947	0.237909022
1647	N	I	744	2	0.081979622	0.395880938
1647	N	K	739	2	-0.21966659	0.289256664
1647	N	N	619	2	-0.140631948	0.155165531
1647	N	S	418	2	0.318003895	0.010914098
1647	N	T	624	2	0.107487391	0.03088847
1647	N	Y	787	2	0.269235813	0.389640808
1648	K	*	943	2	-2.096565779	0.410095688
1648	K	E	724	2	0.362390956	0.360142119
1648	K	I	707	2	0.168571556	0.445422915
1648	K	K	826	2	0.060832229	0.28904773
1648	K	N	486.5	2	0.090473793	0.050253479
1648	K	Q	659	2	-0.249928581	0.57673502
1648	K	R	699	2	0.004237739	0.416598631
1648	K	T	965	2	-0.049865482	0.365600127
1649	R	*	566	2	-1.351211021	0.519403424
1649	R	G	646	2	0.522231651	0.726619752
1649	R	I	727	2	0.139303583	0.41669002
1649	R	K	580	2	0.075178455	0.087016989
1649	R	R	628	2	0.22283343	0.177367918
1649	R	S	743.5	2	0.032771473	0.291383259
1649	R	T	572	2	-0.214181107	0.172307434
1650	M	I	582.6666667	2	0.254734367	0.172241484
1650	M	K	696	2	0.081676731	0.027621516
1650	M	L	499	2	-0.057249032	0.232843355
1650	M	R	705	2	0.292724427	0.031382407
1650	M	T	659	2	0.210380628	0.652767024
1650	M	V	515	2	0.758384539	0.889730287
1651	S	A	431	2	0.343579958	0.050951259
1651	S	C	608	2	-0.293665511	0.525460039
1651	S	F	362	2	-0.631796914	0.552556747
1651	S	P	581	2	-1.478648707	0.372063565
1651	S	S	662.3333333	2	-0.109938021	0.129836886
1651	S	T	423	2	-0.284494787	0.193463514
1651	S	Y	586	2	-0.322341632	0.17258202
1652	M	I	724.3333333	2	-0.033034747	0.097894549
1652	M	K	569	2	-1.532355464	0.230075085
1652	M	L	813.5	2	0.301673381	0.383006358
1652	M	R	520	2	-1.890501274	0.375159981
1652	M	T	500	2	-0.353085228	0.871411463
1652	M	V	669	2	0.100098058	0.186102003
1653	V	A	761	2	0.171399878	0.274566153
1653	V	E	604	2	-1.503697722	0.018253479
1653	V	G	662	2	-0.263024275	0.784315131
1653	V	L	769	2	-1.823211688	0.200770535
1653	V	V	578.3333333	2	-0.06240675	0.141672343
1654	V	A	721	2	0.169871102	0.363249222
1654	V	E	816	2	-1.067963986	0.554738245
1654	V	G	536	2	-0.188828198	0.614549699
1654	V	L	700	2	0.049445772	0.161742021
1654	V	M	780	2	0.06610235	0.14622227
1654	V	V	740.3333333	2	0.387263539	0.051471006
1655	S	A	567	2	-1.135430433	1.110479265
1655	S	C	673	2	-1.539666923	0.136665597
1655	S	F	498	2	-1.555696871	0.941832179
1655	S	P	738	2	-1.782506156	0.577140642
1655	S	S	623.3333333	2	0.562214701	0.06274078
1655	S	T	519	2	-0.6662035	0.330188379
1655	S	Y	688	2	-2.497888893	0.617550779
1656	G	A	474	2	0.24231314	0.378873
1656	G	C	686	2	-0.111774196	0.431089206
1656	G	D	537	2	-0.538943911	0.240197031
1656	G	G	561	2	0.051757638	0.112243313
1656	G	R	569	2	0.135780354	0.239125125
1656	G	S	477	2	-0.499145945	0.676759477
1656	G	V	534	2	-0.669802369	0.174266456
1657	L	L	587.5	2	0.231371428	0.104859762
1657	L	M	655	2	0.099945891	0.013245097
1657	L	P	683	2	-1.526102898	0.247794029
1657	L	Q	705	2	-1.758251275	0.323462579
1657	L	R	686	2	-1.646806019	0.555269299
1657	L	V	726	2	0.328690411	0.308928184
1658	T	A	838	2	0.257015715	0.457488212
1658	T	S	733	2	0.483314353	0.311960634
1659	P	A	628	2	0.28409581	0.25908544
1659	P	L	699	2	0.231939078	0.21769628
1659	P	P	478.6666667	2	0.614131256	0.299293541
1659	P	Q	347	2	0.512326669	0.179047847
1659	P	R	755	2	0.133281468	0.605670381
1659	P	S	416	2	0.352563322	0.076147868
1659	P	T	333	2	0.629009944	0.449335464
1660	E	*	729	2	-2.047818562	0.274056081
1660	E	A	588	2	0.134577314	0.874244743
1660	E	D	486.5	2	0.190634653	0.168757336
1660	E	E	422	2	0.391456802	0.152483248
1660	E	G	538	2	0.184538893	0.560490294
1660	E	K	744	2	-0.63049767	0.378512248
1660	E	Q	675	2	0.168336539	0.160763248
1660	E	V	580	2	0.018955528	0.662673039
1661	E	*	513	2	-1.829745057	0.296080442
1661	E	A	610	2	-0.581455444	0.073553749
1661	E	D	702	2	0.219409739	0.006937884
1661	E	E	550	2	0.215907077	0.695619194
1661	E	G	827	2	-0.797023236	0.190780988
1661	E	K	625	2	-0.311873629	0.233555457
1661	E	Q	567	2	-0.16863073	0.423905734
1661	E	V	379	2	-0.584913205	0.676238104
1662	F	C	686	2	0.748164167	0.107595879
1662	F	I	631	2	0.260322651	0.468951542
1662	F	L	749.6666667	2	-0.189814922	0.338440228
1662	F	S	765	2	-0.254857538	0.573505693
1662	F	V	544	2	-0.057700023	0.484427204
1662	F	Y	636	2	0.052872221	0.293167643
1663	M	I	607.3333333	2	-0.402153289	0.016871909
1663	M	K	626	2	-2.052323802	0.319960403
1663	M	L	574	2	-1.592995847	0.029010742
1663	M	R	537	2	-1.935119217	0.003052369
1663	M	T	406	2	-0.808826694	0.35337235
1663	M	V	520	2	-0.015246602	0.192617963
1664	L	F	558	2	0.047215136	0.217668168
1664	L	H	427	2	0.034633749	0.222267509
1664	L	I	640	2	-0.327476217	0.409705072
1664	L	L	700.5	2	-0.589911584	0.333349325
1664	L	P	663	2	-0.010177224	0.105982179
1664	L	R	832	2	-0.521993649	0.365753482
1664	L	V	704	2	-0.447092427	0.285004604
1665	V	A	603	2	0.012045066	0.234973855
1665	V	E	426	2	-1.72003405	0.004047924
1665	V	G	751	2	-0.53527218	0.483308232
1665	V	L	453	2	-0.482305331	0.30784026
1665	V	M	433	2	0.024768716	0.09776145
1665	V	V	438.6666667	2	-0.469611215	0.06850069
1666	Y	*	455.5	2	-2.107415998	0.427576312
1666	Y	C	732	2	0.083456764	0.255770682
1666	Y	D	753	2	0.028524331	0.354331035
1666	Y	F	580	2	-0.04103853	0.527238159
1666	Y	H	344	2	0.733635001	0.173180467
1666	Y	N	473	2	0.042238143	0.196860395
1666	Y	S	305	2	-0.151134009	0.098935916
1666	Y	Y	308	2	-0.913013371	0.30745527
1667	K	*	597	2	-1.749255254	0.004172472
1667	K	E	695	2	0.270624842	0.015397177
1667	K	K	607	2	-0.33436891	0.054773181
1667	K	M	497	2	0.13266039	0.027493292
1667	K	N	570.5	2	-0.311835085	0.22983945
1667	K	Q	554	2	0.14119934	0.006225432
1667	K	R	487	2	-0.714818329	0.481170754
1667	K	T	588	2	-0.460669232	0.232900548
1668	F	C	472	2	-0.325029892	0.024673509
1668	F	F	740	2	0.069694623	0.111833276
1668	F	I	371	2	-0.178816361	0.353859631
1668	F	L	556.3333333	2	-0.427106689	0.008317434
1668	F	S	618	2	-1.760687133	0.297963128
1668	F	V	594	2	-0.663486749	0.146549956
1668	F	Y	368	2	-0.048050121	0.213688503
1669	A	A	528.6666667	2	-0.534618625	0.231442161
1669	A	D	614	2	-1.013676469	0.574759583
1669	A	G	625	2	-0.336644052	0.143661145
1669	A	P	434	2	-1.803284855	0.090311306
1669	A	S	775	2	-0.401850537	0.367469811
1669	A	T	564	2	0.033971255	0.006592417
1670	R	*	737	2	-1.845159106	0.113334547
1670	R	G	548	2	0.217765799	0.233283084
1670	R	I	397	2	-0.458163454	0.203046081
1670	R	K	606	2	-1.552697925	0.116083544
1670	R	R	552	2	0.009830195	0.069168832
1670	R	S	517	2	-0.662679305	0.187960708
1670	R	T	401	2	-0.983168111	0.139362068
1671	K	*	628	2	-2.053135943	0.415669969
1671	K	E	621	2	0.09184134	0.022309064
1671	K	I	192	2	0.206516491	0.341491676
1671	K	K	592	2	0.146243868	0.247260904
1671	K	N	536.5	2	0.157749062	0.075224987
1671	K	Q	459	2	0.242271091	0.17029541
1671	K	R	457	2	0.298685821	0.024208224
1671	K	T	594	2	0.443511599	0.08311564
1672	H	D	433	2	-0.83316235	0.311681989
1672	H	H	458	2	-0.135022675	0.138703391
1672	H	L	429	2	0.664878571	0.183317403
1672	H	N	426	2	0.037593239	0.221162541
1672	H	P	809	2	-1.602622252	0.005840944
1672	H	Q	716	2	-0.010233451	0.291703158
1672	H	R	596	2	0.504252735	0.162827916
1672	H	Y	665	2	-0.083477624	0.074712944
1673	H	D	785	2	-0.132855874	0.049575287
1673	H	H	772	2	-0.199790682	0.070347753
1673	H	L	596	2	0.660457446	0.156626144
1673	H	N	985	2	-0.131497557	0.186833107
1673	H	P	548	2	-0.073804345	0.260494873
1673	H	Q	468	2	0.024707818	0.048246328
1673	H	R	653	2	0.066415102	0.429954919
1673	H	Y	323	2	0.205780716	0.029504841
1674	I	L	685	2	0.384051777	0.124157189
1674	I	T	336	2	0.028325171	0.133215692
1674	I	V	681	2	0.262136308	0.106651089
1675	T	A	842	2	0.227925245	0.102388453
1675	T	I	696	2	0.036029592	0.129192261
1675	T	N	1019	2	0.062514159	0.025162547
1675	T	P	523	2	0.339670952	0.120154384
1675	T	S	660	2	0.209150702	0.066887618
1676	L	*	636	2	-2.339653599	0.058425958
1676	L	F	651.5	2	0.298979981	0.089612033
1676	L	I	515	2	0.058302853	0.097788972
1676	L	L	618.5	2	0.325572429	0.042094713
1676	L	V	362	2	0.207102011	0.01231067
1677	T	A	686	2	-0.398041548	0.092917826
1677	T	I	640	2	-1.01369459	0.160137109
1677	T	N	705	2	-0.203384271	0.008903944
1677	T	P	547	2	-0.682736497	0.153746012
1677	T	S	760.5	2	0.296779232	0.101330512
1677	T	T	351	2	0.311463585	0.232974127
1678	N	D	397	2	0.519645257	0.362868919
1678	N	H	579	2	-0.163272827	0.058953056
1678	N	I	589	2	-0.693611146	0.104688259
1678	N	K	477	2	0.011054371	0.267178968
1678	N	N	351	2	0.600870101	0.05094527
1678	N	S	664	2	0.202968897	0.159867137
1678	N	T	594	2	0.268235299	0.054599133
1678	N	Y	685	2	-0.079988029	0.230235413
1679	L	I	518	2	-0.055039057	0.210070163
1679	L	L	654.25	2	0.107071088	0.159824247
1679	L	P	639	2	0.117379359	0.080130166
1679	L	Q	1044	2	0.252101032	0.327821147
1679	L	R	596	2	0.254610926	0.098165512
1679	L	V	542	2	0.370339923	0.017550068
1680	I	F	452	2	-0.100445938	0.018248909
1680	I	I	536.5	2	0.262290962	0.06077586
1680	I	L	641	2	0.461382067	0.190648215
1680	I	M	590	2	0.073122807	0.002321865
1680	I	N	428	2	-0.243164421	0.182196479
1680	I	S	353	2	-0.272118588	0.133623946
1680	I	T	629	2	0.179818284	0.124878189
1680	I	V	715	2	0.158057631	0.133893712
1681	T	A	710	2	0.409708739	0.104185586
1681	T	I	688	2	-0.786038538	0.071272095
1681	T	N	367	2	-0.463855564	0.421228114
1681	T	P	761	2	-2.066143297	0.073786451
1681	T	S	537.5	2	-0.198791294	0.068553574
1681	T	T	499	2	0.299271156	0.062639643
1682	E	*	739	2	-1.884926152	0.018484982
1682	E	A	588	2	-0.44902225	0.099133454
1682	E	D	616	2	-0.658315859	0.087068963
1682	E	E	1203	2	0.360497457	0.206981056
1682	E	G	572	2	0.368825081	0.058949548
1682	E	K	634	2	-1.797376573	0.207804607
1682	E	Q	597	2	-0.978868465	0.287452076
1682	E	V	741	2	-1.939631143	0.010414834
1683	E	*	807	2	-2.060540144	0.241031508
1683	E	A	597	2	0.037215259	0.191001236
1683	E	D	432.5	2	-0.094545741	0.091830869
1683	E	E	601	2	-0.326100814	0.134827356
1683	E	G	525	2	-1.097150527	0.285980278
1683	E	K	422	2	-1.990752035	0.04633794
1683	E	Q	654	2	-2.026390011	0.619308733
1683	E	V	739	2	-1.331793395	0.133055942
1684	T	A	852	2	-0.652545724	0.346855203
1684	T	I	847	2	-1.973014698	0.588692287
1684	T	N	673	2	-1.250973784	0.189936711
1684	T	P	710	2	-1.468392392	0.676072476
1684	T	S	618.5	2	-0.586485397	0.324041573
1684	T	T	756.6666667	2	0.196626441	0.197015915
1685	T	A	563	2	-1.840668217	0.174254312
1685	T	I	592	2	-1.991576216	0.169013296
1685	T	N	317	2	-1.827168684	0.204162144
1685	T	P	463	2	-1.557880918	0.353795429
1685	T	S	672	2	-0.830041191	0.400432559
1685	T	T	439	2	0.087826153	0.244669295
1686	H	D	427	2	-1.652875248	0.675869744
1686	H	H	499	2	0.785939376	0.137643128
1686	H	L	299	2	-1.556607262	0.01086165
1686	H	N	517	2	-2.394087682	0.640902763
1686	H	P	636	2	-1.965556698	0.300891285
1686	H	Q	811.5	2	-1.757195263	0.000232162
1686	H	R	512	2	-1.336637073	0.27764031
1686	H	Y	427	2	-1.527259899	0.358682023
1687	V	A	737	2	-0.491271357	0.007097448
1687	V	D	691	2	-1.815000555	0.458064353
1687	V	F	312	2	-2.069983285	0.368136243
1687	V	G	1080	2	-2.334281882	0.024085801
1687	V	I	535	2	-0.264841013	0.004746063
1687	V	L	584	2	-0.06950574	0.539773276
1687	V	V	610	2	-0.099422242	0.002184734
1688	V	A	449	2	-0.32296356	0.236472103
1688	V	D	487	2	-1.572097205	0.315159862
1688	V	F	746	2	-1.873899169	0.295768499
1688	V	G	542	2	-2.295249235	0.770193597
1688	V	I	590	2	0.04877562	0.035427376
1688	V	L	580	2	-0.416440551	0.379469762
1688	V	V	759.3333333	2	-0.022064465	0.052514037
1689	M	I	934	2	-0.271468894	0.042680624
1689	M	K	496	2	-1.813109474	0.159653998
1689	M	L	580	2	-0.258107982	0.31386714
1689	M	R	865	2	-2.077420101	0.328005883
1689	M	T	1423	2	0.04231651	0.085022674
1689	M	V	514	2	0.561540404	0.196169739
1690	K	*	422	2	-2.053738767	0.83648512
1690	K	E	625	2	-0.629180785	0.05575509
1690	K	I	433	2	-1.155802214	0.246758213
1690	K	K	822	2	0.123067756	0.2343751
1690	K	N	685	2	-0.12639873	0.011950176
1690	K	Q	507	2	-0.112956323	0.135120109
1690	K	R	764	2	0.130445951	0.208984691
1690	K	T	831	2	-1.319579032	0.298779194
1691	T	A	539	2	-1.196233684	0.043712671
1691	T	I	769	2	-1.39646249	0.04518969
1691	T	K	439	2	-1.854934485	0.425252408
1691	T	P	1072	2	-1.739817184	0.064672933
1691	T	R	1116	2	-2.049631434	0.426949915
1691	T	S	1393	2	0.042523875	0.09105971
1692	D	A	576	2	-2.080882447	0.338128064
1692	D	E	753.5	2	-1.812802117	0.289967765
1692	D	G	619	2	-1.111542387	0.310406265
1692	D	H	410	2	-1.578508318	0.15476715
1692	D	N	398	2	-1.864842698	0.344198599
1692	D	V	641	2	-1.685672502	0.231564925
1692	D	Y	509	2	-1.268931137	0.089895889
1693	A	A	852.6666667	2	-0.31071428	0.020752552
1693	A	D	803	2	-1.539991098	0.275076533
1693	A	G	724	2	-1.021959091	0.228772002
1693	A	P	715	2	-0.192657402	0.033665171
1693	A	S	768	2	-1.474986098	0.104942667
1693	A	T	673	2	-0.444567907	0.123627684
1693	A	V	627	2	-1.67152473	0.028052219
1694	E	*	849	2	-2.09453762	0.043068138
1694	E	A	668	2	0.143761629	0.32019989
1694	E	D	795.5	2	-0.042096405	0.002173623
1694	E	E	615	2	-0.062635243	0.256227867
1694	E	G	598	2	-0.045889999	0.060872054
1694	E	K	637	2	-1.755455827	0.336516124
1694	E	Q	640	2	-0.604248156	0.173542615
1694	E	V	783	2	-0.026402046	0.454171077
1695	F	C	773	2	-0.022411919	0.113942359
1695	F	F	1018	2	0.003715954	0.357323645
1695	F	I	604	2	-1.02976164	0.493543339
1695	F	L	678.3333333	2	0.168586479	0.050551167
1695	F	S	612	2	0.133192503	0.078541428
1695	F	V	877	2	-1.801945905	0.238369162
1695	F	Y	657	2	0.019043708	0.097312945
1696	V	A	1051	2	0.036802541	0.123717983
1696	V	E	852	2	-1.622381352	0.031350145
1696	V	G	477	2	-1.329956443	0.110610251
1696	V	L	820	2	-0.675321543	0.236056475
1696	V	M	719	2	-0.298896817	0.17710627
1696	V	V	676.3333333	2	-0.013644202	0.039329154
1697	C	*	958	2	-2.090658571	0.038474123
1697	C	C	819	2	-0.261558305	0.059341401
1697	C	F	879	2	-2.396256782	0.60464671
1697	C	G	866	2	-0.304249046	0.060509701
1697	C	R	709	2	-2.149392198	0.014304147
1697	C	S	594	2	-0.040973988	0.015044399
1697	C	W	742	2	-2.250071798	0.29929152
1697	C	Y	483	2	-2.057780426	0.053550349
1698	E	*	986	2	-2.545870008	0.013654312
1698	E	A	717	2	-0.059287837	0.065576252
1698	E	D	806.5	2	0.088084542	0.047617581
1698	E	E	652	2	-0.045405061	0.083946663
1698	E	G	802	2	-0.138484129	0.09070066
1698	E	K	638	2	-0.063261272	0.172098187
1698	E	Q	761	2	-0.043776366	0.192472407
1698	E	V	609	2	-0.044283732	0.135362509
1699	R	G	797	2	-2.210161588	0.412095042
1699	R	L	732	2	-1.555941912	0.150870399
1699	R	P	944	2	-1.548522539	0.106389584
1700	T	A	590	2	-2.022891397	0.265978564
1700	T	I	1007	2	-2.491746361	0.08824676
1700	T	K	1000	2	-2.075217323	0.005029217
1700	T	P	830	2	-2.279978858	0.224109951
1700	T	R	989	2	-1.704946386	0.304084583
1700	T	T	732	2	0.227242569	0.10619853
1701	L	L	636.5	2	-0.194211765	0.057316081
1701	L	M	765	2	0.183322292	0.118508164
1701	L	P	925	2	-1.300430592	0.000455633
1701	L	Q	981	2	-0.143577598	0.068821396
1701	L	R	835	2	-0.466710467	0.215524927
1701	L	V	604	2	-0.118243586	0.178453927
1702	K	*	675	2	-1.91932347	0.010884625
1702	K	E	766	2	-2.020249694	0.133749907
1702	K	I	716	2	-2.017579191	0.19081265
1702	K	K	641	2	0.472194553	0.035332126
1702	K	N	939.5	2	-1.959108512	0.092009009
1702	K	Q	622	2	-2.278785445	0.133406854
1702	K	R	743	2	-1.741090006	0.046194319
1702	K	T	721	2	-1.581271127	0.337288119
1703	Y	*	852	2	-2.2362683	0.030467798
1703	Y	C	712	2	-1.820256454	0.09483925
1703	Y	D	771	2	-2.34851835	0.084594388
1703	Y	F	879	2	-0.181696427	0.023331569
1703	Y	H	628	2	-1.701735097	0.15621562
1703	Y	N	826	2	-2.212963851	0.138857237
1703	Y	S	783	2	-2.065719894	0.070688633
1703	Y	Y	935	2	0.240886342	0.039612928
1704	F	C	986	2	-1.70622233	0.034746111
1704	F	F	755	2	0.19467292	0.094925326
1704	F	I	689	2	-1.454947524	0.488403365
1704	F	L	809	2	-1.765891607	0.225909004
1704	F	S	806	2	-2.110953716	0.038944873
1704	F	V	1015	2	-2.147007983	0.477958589
1704	F	Y	796	2	-2.123416074	0.114184887
1705	L	I	718	2	-0.134881304	0.17188931
1705	L	L	684.5	2	0.081509525	0.113805669
1705	L	P	855	2	-2.154313061	0.008958764
1705	L	Q	766	2	-0.190565784	0.008396558
1705	L	R	908	2	-1.174174854	0.012569723
1705	L	V	849	2	-0.147693793	0.072136669
1706	G	*	707	2	-1.914686657	0.05707851
1706	G	A	739	2	-0.05142991	0.016522361
1706	G	E	719	2	-2.452989819	0.1200769
1706	G	G	874.3333333	2	-0.07323958	0.042287145
1706	G	R	777	2	-2.309209094	0.079135666
1706	G	V	869	2	-2.322979207	0.321977568
1707	I	F	782	2	-2.348219461	0.411505683
1707	I	I	860	2	0.055706355	0.023528122
1707	I	L	783	2	0.078022189	0.132826148
1707	I	M	615	2	-0.275064271	0.2711272
1707	I	N	701	2	-0.689444675	0.099245679
1707	I	S	861	2	-2.295094452	0.100846489
1707	I	T	908	2	-0.143325095	0.195443111
1707	I	V	533	2	0.066909656	0.274945468
1708	A	A	833.6666667	2	0.077236295	0.032133031
1708	A	E	653	2	-2.008257997	0.060056239
1708	A	G	793	2	-2.228883533	0.322173477
1708	A	P	1211	2	-2.263130748	0.03591824
1708	A	S	914	2	-0.514801322	0.214569731
1708	A	T	735	2	-1.359454021	0.119609472
1708	A	V	680	2	-0.222956413	0.272947339
1709	G	*	587	2	-2.154299071	0.117057911
1709	G	A	845	2	0.116068253	0.209962067
1709	G	E	921	2	-0.558665498	0.010791375
1709	G	G	822	2	-0.530335656	0.207091526
1709	G	R	806.5	2	-0.1046366	0.091953459
1709	G	V	912	2	-1.382600555	0.024701212
1710	G	*	921	2	-2.092850189	0.057070659
1710	G	A	689	2	-0.110930986	0.236018644
1710	G	E	674	2	-0.351688542	0.176335639
1710	G	G	786.3333333	2	-0.703694397	0.159336701
1710	G	R	757.5	2	0.184577183	0.007649967
1710	G	V	543	2	-0.414221853	0.272095952
1711	K	*	979	2	-2.198295138	0.096893179
1711	K	E	622	2	-1.825111171	0.09671493
1711	K	I	1060	2	-0.08417018	0.045833052
1711	K	K	695	2	0.018177345	0.26488866
1711	K	N	681.5	2	0.03498099	0.121510048
1711	K	Q	810	2	-0.005831091	0.221496469
1711	K	R	841	2	0.146135532	0.018877553
1711	K	T	980	2	-0.008693212	0.141715632
1712	W	*	644.5	2	-2.122141655	0.154811093
1712	W	C	788	2	0.041440131	0.062549106
1712	W	G	1024	2	-2.136250219	0.032752475
1712	W	L	737	2	-0.333901531	0.191793269
1712	W	R	764	2	-0.2656326	0.109663151
1712	W	S	764	2	-0.35451998	0.114905063
1713	V	A	966	2	-1.755476485	0.017807017
1713	V	E	874	2	-2.183787865	0.205885685
1713	V	G	667	2	-1.88795031	0.112060484
1713	V	I	635	2	0.228950411	0.019823481
1713	V	L	737	2	-0.856214539	0.178972564
1713	V	V	868.6666667	2	-0.080041699	0.081014202
1714	V	A	1069	2	-1.299338853	0.235255872
1714	V	D	851	2	-2.074995064	0.250215767
1714	V	F	413	2	-1.854755314	0.445871841
1714	V	G	792	2	-2.079409178	0.222079746
1714	V	I	767	2	-0.43887713	0.034542911
1714	V	L	715	2	-0.011433772	0.389722506
1714	V	V	783	2	0.194252887	0.215405382
1715	S	C	743	2	-1.698659427	0.45900973
1715	S	G	678	2	-0.894501575	0.030663732
1715	S	I	727	2	-2.023040734	0.403040434
1715	S	N	694	2	-2.294657307	0.210323367
1715	S	R	671.6666667	2	-1.950179047	0.148442324
1715	S	S	678	2	-0.450533086	0.029094517
1715	S	T	868	2	-0.543038028	0.185221756
1716	Y	*	513	2	-1.990847846	0.479202969
1716	Y	C	799	2	-0.344807992	0.131343728
1716	Y	D	671	2	0.017989542	0.01769889
1716	Y	F	654	2	0.06187088	0.137167307
1716	Y	H	692	2	0.293174678	0.006463594
1716	Y	N	450	2	0.018086242	0.152299994
1716	Y	S	839	2	0.068957646	0.010840923
1716	Y	Y	497	2	-0.080687376	0.253246675
1717	F	C	594	2	0.169709434	0.22384328
1717	F	I	801	2	-0.567159028	0.194057852
1717	F	L	616.6666667	2	0.066419354	0.050231022
1717	F	S	809	2	0.038652294	0.013169457
1717	F	V	685	2	0.009304937	0.037422302
1717	F	Y	622	2	0.021042058	0.302379726
1718	W	*	379.5	2	-1.784968024	0.109871823
1718	W	C	352	2	-1.509813275	0.066351459
1718	W	G	562	2	-1.874947599	0.151539241
1718	W	L	395	2	-1.371155233	0.305353376
1718	W	R	560	2	-1.664227414	0.134722212
1718	W	S	320	2	-1.186702945	1.22572912
1719	V	A	412	2	0.374786796	0.056425823
1719	V	E	429	2	-1.925277453	0.507676316
1719	V	G	458	2	-1.38364631	0.390402479
1719	V	L	468	2	-0.358204174	0.041611513
1719	V	M	360	2	-0.5405589	0.022388107
1719	V	V	422	2	0.159401258	0.28180908
1720	T	A	412	2	0.132285867	0.040434334
1720	T	S	272	2	0.380406589	0.200208469
1721	Q	*	510	2	-2.032601365	0.205389627
1721	Q	E	427	2	-0.120205617	0.209550641
1721	Q	H	369	2	0.072103173	0.19008097
1721	Q	K	421	2	-0.008477079	0.102832725
1721	Q	L	445	2	0.055847962	0.164818709
1721	Q	P	377	2	-2.352740782	1.179687445
1721	Q	Q	243	2	0.283238014	0.226536816
1721	Q	R	302	2	-0.203878344	0.137407022
1722	S	A	258	2	0.029494254	0.230563815
1722	S	C	322	2	0.197527537	0.647043075
1722	S	F	224	2	-0.834246379	0.102183906
1722	S	P	311	2	-1.651741669	0.517743911
1722	S	S	307.3333333	2	-0.13631476	0.288840286
1722	S	T	279	2	-0.377101066	0.071219373
1722	S	Y	242	2	-1.284016223	0.373572895
1723	I	F	385	2	0.215808299	0.112119796
1723	I	I	354	2	-0.052080503	0.070417359
1723	I	L	423	2	0.054043046	0.27698206
1723	I	M	542	2	0.00779992	0.301244212
1723	I	N	229	2	-0.126123105	0.207962243
1723	I	S	320	2	-0.267795187	0.02560439
1723	I	T	382	2	0.355145638	0.748923547
1723	I	V	229	2	0.283315191	0.286145804
1724	K	*	489	2	-2.02204393	0.021180225
1724	K	E	312	2	-0.051271158	0.361346923
1724	K	I	227	2	-0.188903345	0.586787579
1724	K	K	310	2	0.052014314	0.423390938
1724	K	N	303	2	-0.18308251	0.190352625
1724	K	Q	300	2	-0.342907545	0.421092639
1724	K	R	263	2	-0.000931562	0.224752606
1724	K	T	473	2	-0.193830018	0.169311995
1725	E	*	288	2	-2.350869194	0.661627755
1725	E	A	386	2	0.185373965	0.494041621
1725	E	D	327.5	2	-0.038677023	0.030219315
1725	E	E	308	2	0.248392835	0.020894877
1725	E	G	303	2	0.23084079	0.145048955
1725	E	K	239	2	-0.461716897	0.464238062
1725	E	Q	435	2	-0.411198294	0.339696599
1725	E	V	218	2	-0.27671299	0.60561815
1726	R	*	346	2	-2.004450958	0.337190795
1726	R	G	434	2	0.139873673	0.090561471
1726	R	I	446	2	-0.313708723	0.129878808
1726	R	K	314	2	0.065606785	0.059379765
1726	R	R	408.5	2	0.252982272	0.096663099
1726	R	S	415.5	2	-0.144837538	0.072822372
1726	R	T	487	2	-0.108020882	0.338066942
1727	K	*	403	2	-2.051358177	0.13298154
1727	K	E	367	2	0.552034291	0.252921119
1727	K	I	516	2	0.02205352	0.703401595
1727	K	K	273	2	0.214590703	0.488993844
1727	K	N	385	2	0.097397033	0.046704475
1727	K	Q	196	2	0.295675239	0.485299007
1727	K	R	353	2	0.090003834	0.388996911
1727	K	T	435	2	0.177259858	0.312547153
1728	M	I	404	2	-0.158475441	0.085870069
1728	M	K	330	2	0.243499453	0.439646294
1728	M	L	358	2	-0.034545365	0.225328367
1728	M	R	416	2	-0.298201447	0.312533137
1728	M	T	292	2	0.164069415	0.239714549
1728	M	V	324	2	0.113929225	0.535954991
1729	L	L	382.5	2	0.027962516	0.147438892
1729	L	M	390	2	-0.437496985	0.187392302
1729	L	P	332	2	-1.258118135	1.196154641
1729	L	Q	461	2	-0.129532585	0.147615339
1729	L	R	342	2	0.070333078	0.241724756
1729	L	V	307	2	0.196300676	0.285578698
1730	N	D	486	2	-0.00364216	0.023600981
1730	N	H	445	2	0.421659854	0.101377157
1730	N	I	375	2	-0.32964611	0.31162364
1730	N	K	454	2	0.184499437	0.151678159
1730	N	N	369	2	-0.07714022	0.163494363
1730	N	S	343	2	0.232421912	0.396835559
1730	N	T	585	2	-0.178811216	0.279910729
1730	N	Y	255	2	0.4249336	0.406192034
1731	E	*	485	2	-2.262340306	0.241634136
1731	E	A	330	2	0.275906424	0.25867537
1731	E	D	389	2	0.047147264	0.327668106
1731	E	G	259	2	0.065227303	0.423429948
1731	E	K	403	2	-2.769776089	0.808587173
1731	E	Q	358	2	-0.858680579	0.191814832
1731	E	V	462	2	-0.203848215	0.375184425
1732	H	D	478	2	-0.176629406	0.01897303
1732	H	L	531	2	0.071120424	0.061050685
1732	H	N	359	2	-0.586664006	0.897416419
1732	H	P	543	2	0.145482326	0.400974846
1732	H	Q	437	2	-0.064247	0.138785423
1732	H	R	309	2	0.333391436	0.547851548
1732	H	Y	494	2	-0.662483093	0.136422497
1733	D	A	540	2	0.158927255	0.503007055
1733	D	D	443	2	0.539590362	0.01209516
1733	D	E	442	2	0.037375477	0.198850642
1733	D	G	493	2	0.167600774	0.497548386
1733	D	H	532	2	-0.054488878	0.192904504
1733	D	N	544	2	-0.51124753	1.074420753
1733	D	V	440	2	-0.445244049	0.19517288
1733	D	Y	661	2	-0.633444214	0.462161064
1734	F	C	399	2	-3.366379079	1.256118356
1734	F	F	413	2	0.267652907	0.628364261
1734	F	I	420	2	-2.255002356	0.184600306
1734	F	L	442.6666667	2	-2.106433461	0.455571175
1734	F	S	601	2	-2.033809729	0.115722007
1734	F	V	482	2	-2.481021197	0.687473227
1734	F	Y	349	2	-0.123011326	0.303181136
1735	E	*	704	2	-2.5136694	0.4633221
1735	E	A	396	2	-0.503115482	0.205113662
1735	E	D	590.5	2	-1.300857518	0.771598436
1735	E	E	542	2	0.155928952	0.237111178
1735	E	G	442	2	-1.835119676	0.650178643
1735	E	K	599	2	-3.242945543	0.019852741
1735	E	Q	458	2	-0.249794862	0.016535319
1735	E	V	620	2	0.098740887	0.125296712
1736	V	A	566	2	-1.6030926	0.546647206
1736	V	D	395	2	-1.931173293	0.022481967
1736	V	F	540	2	-2.380463702	0.477728858
1736	V	G	550	2	-1.733293339	0.551263858
1736	V	I	427	2	-0.051934423	0.430790246
1736	V	L	529	2	-1.845344667	0.323258393
1736	V	V	541.3333333	2	-0.433383611	0.210659719
1737	R	*	505	2	-1.997418195	0.284979965
1737	R	G	494	2	-0.347344956	0.098195091
1737	R	I	524	2	0.204096136	0.263918919
1737	R	K	570	2	-0.949347403	0.757676493
1737	R	R	466	2	-0.145285602	0.301813796
1737	R	S	433	2	-0.008526136	0.206583047
1737	R	T	418	2	-0.029514156	0.141167075
1738	G	*	533	2	-2.912524487	1.180990025
1738	G	A	384	2	-2.423903606	0.287503313
1738	G	E	487	2	-2.635341621	0.130751976
1738	G	G	482	2	-0.038956326	0.051950742
1738	G	R	398.5	2	-2.72979746	0.272169628
1738	G	V	606	2	-2.739325548	0.248866196
1739	D	A	500	2	-2.475646402	0.084406533
1739	D	D	563	2	0.218052906	0.047132927
1739	D	E	458	2	-2.786842254	0.537241893
1739	D	G	607	2	-2.431030729	0.300578582
1739	D	H	459	2	-2.76713408	0.226815673
1739	D	N	530	2	-0.114011824	0.407427465
1739	D	V	478	2	-1.993767422	0.267614831
1739	D	Y	589	2	-2.529119776	0.548737454
1740	V	A	489	2	0.079659853	0.061813644
1740	V	G	268	2	-0.506044074	0.064809598
1740	V	L	665	2	-0.063516068	0.179936106
1741	V	A	262	2	-0.27418775	0.100363375
1741	V	D	346	2	-1.90564466	0.812252456
1741	V	I	461	2	0.162782347	0.254639176
1741	V	L	626	2	-0.782954663	0.402033648
1741	V	V	395	2	-0.056476782	0.125919637
1742	N	D	440	2	-0.749588492	0.483684207
1742	N	H	544	2	-0.028315612	0.155227299
1742	N	I	645	2	-0.341116351	0.03167135
1742	N	K	383	2	0.208955011	0.111296136
1742	N	N	319	2	-0.070479349	0.364281818
1742	N	S	398	2	0.067229341	0.163688831
1742	N	T	482	2	0.20615039	0.156892355
1742	N	Y	650	2	-1.123927302	0.475587244
1743	G	*	706	2	-2.241402385	0.486958488
1743	G	A	520	2	-1.213395644	0.22539824
1743	G	E	463	2	-2.831105914	0.410684018
1743	G	G	376	2	0.118169545	0.245023274
1743	G	R	464.5	2	-2.302751451	0.338049275
1743	G	V	332	2	-1.689462299	0.198806121
1744	R	*	635	2	-2.114577293	0.684788685
1744	R	G	559	2	-0.026914798	0.394756291
1744	R	I	594	2	-0.611578163	0.341607756
1744	R	K	384	2	0.217324419	0.079763968
1744	R	R	522	2	0.359857182	0.142192297
1744	R	S	381.5	2	0.072088265	0.229412499
1744	R	T	576	2	-0.355909945	0.274225441
1745	N	D	518	2	0.079887682	0.385556075
1745	N	H	257	2	0.209290415	0.272347569
1745	N	I	386	2	0.519271991	0.000903798
1745	N	K	620	2	-0.12980729	0.264530524
1745	N	N	467	2	0.062518924	0.083422566
1745	N	S	556	2	0.195848238	0.209795477
1745	N	T	455	2	-0.073278435	0.290884125
1745	N	Y	1076	2	0.065234813	0.201399316
1746	H	D	393	2	-1.779168016	0.363186031
1746	H	H	541	2	0.164617721	0.049127994
1746	H	L	642	2	-0.470063509	0.089675965
1746	H	N	530	2	-0.759565562	0.20779753
1746	H	P	403	2	-2.566477457	0.133341157
1746	H	Q	500.5	2	-1.097390756	0.251667327
1746	H	R	310	2	-0.566534227	0.033399493
1746	H	Y	371	2	-2.304745702	0.213003005
1747	Q	*	478	2	-1.988570005	0.078614381
1747	Q	E	534	2	-0.371298205	0.377188735
1747	Q	H	415.5	2	0.130805086	0.300837097
1747	Q	K	489	2	-0.417318659	0.114384971
1747	Q	L	602	2	0.161184596	0.023764307
1747	Q	P	483	2	-2.105208429	0.998773294
1747	Q	Q	450	2	0.391096105	0.446365796
1747	Q	R	490	2	0.20084236	0.207282255
1748	G	A	393	2	-0.721756325	0.300013306
1748	G	C	355	2	-2.706851164	0.642083232
1748	G	D	564	2	-1.651899187	0.641074783
1748	G	G	387.3333333	2	0.223535558	0.029008156
1748	G	R	386	2	-3.093498514	0.034747002
1748	G	S	608	2	-0.375461919	0.536339726
1748	G	V	422	2	-1.268008407	0.433714716
1749	P	A	428	2	-0.153996475	0.053107202
1749	P	L	420	2	-2.09151894	0.812835445
1749	P	P	494.3333333	2	0.127492817	0.235557609
1749	P	Q	542	2	-2.675987137	0.086481897
1749	P	R	276	2	-3.306062513	1.076325466
1749	P	S	486	2	-1.44884667	0.186975532
1749	P	T	410	2	-0.653988637	0.145874076
1750	K	*	400	2	-2.366613802	0.08805463
1750	K	E	453	2	-0.630633801	0.249173185
1750	K	K	510	2	-0.195854772	0.135385677
1750	K	M	478	2	-0.04157237	0.063341653
1750	K	N	511	2	-0.53893971	0.257759394
1750	K	Q	597	2	0.290074466	0.115511489
1750	K	R	509	2	0.364944419	0.209227172
1750	K	T	438	2	-0.16692092	0.503536981
1751	R	*	584	2	-1.876499984	0.533151573
1751	R	G	503	2	-1.472515666	0.380277022
1751	R	L	498	2	-0.3719187	0.02916145
1751	R	P	483	2	-2.860787068	0.435296629
1751	R	Q	591	2	-0.149920264	0.369799365
1751	R	R	499.5	2	0.121389761	0.288584812
1752	A	A	568.3333333	2	-0.026520519	0.310929822
1752	A	E	367	2	-3.037830223	0.26459121
1752	A	G	479	2	-0.281368162	0.51488439
1752	A	P	730	2	-3.126781127	1.558639809
1752	A	S	517	2	0.01896227	0.092211563
1752	A	T	414	2	-2.585788759	0.032479534
1752	A	V	478	2	-1.738491963	0.256295419
1753	R	*	612	2	-2.062711793	0.118896651
1753	R	G	593	2	-2.421415113	0.797010707
1753	R	I	481	2	-2.516981978	0.513889512
1753	R	K	477	2	-1.934324702	0.121172178
1753	R	R	453	2	0.025914102	0.359003519
1753	R	S	476.5	2	-2.530258324	0.14045191
1753	R	T	521	2	-2.370420437	0.221542276
1754	E	*	703	2	-3.140518764	0.536095272
1754	E	A	609	2	0.283962926	0.086011919
1754	E	D	455	2	-0.034706164	0.11178772
1754	E	E	501	2	0.29612826	0.095471128
1754	E	G	387	2	-0.106235488	0.322049941
1754	E	K	494	2	-0.318323796	0.209222854
1754	E	Q	494	2	0.015345888	0.304503416
1754	E	V	560	2	-0.057690347	0.013893073
1755	S	A	412	2	-0.183185182	0.725368162
1755	S	C	446	2	0.121448366	0.314826267
1755	S	F	604	2	-0.15407795	0.212118983
1755	S	P	454	2	-0.282334304	0.083543908
1755	S	S	491.6666667	2	-0.038981036	0.12544932
1755	S	T	457	2	-0.188463324	0.264847859
1755	S	Y	662	2	-0.484283481	0.040178987
1756	Q	*	354	2	-1.826028199	0.759290563
1756	Q	E	366	2	0.587609004	0.129689881
1756	Q	H	509.5	2	-0.238904739	0.058139027
1756	Q	K	408	2	-0.285468104	0.162080117
1756	Q	L	533	2	0.418980606	0.228971883
1756	Q	P	373	2	0.119768691	0.495079193
1756	Q	Q	602	2	-0.15950462	0.29112532
1756	Q	R	384	2	0.26061444	0.228665188
1757	D	A	580	2	0.337990579	0.325438814
1757	D	D	422	2	-0.263924646	0.115456
1757	D	E	488	2	0.000630705	0.436612562
1757	D	G	432	2	-0.22913632	0.195440803
1757	D	H	460	2	0.003611736	0.436582921
1757	D	N	432	2	-0.146850127	0.007975426
1757	D	V	461	2	-0.065095064	0.346362919
1757	D	Y	630	2	0.09195191	0.440118246
1758	R	*	451	2	-2.06556899	0.084719746
1758	R	G	472	2	0.315491624	0.094219906
1758	R	I	607	2	-0.170083405	0.212638353
1758	R	K	509	2	0.059075947	0.080705163
1758	R	R	516.5	2	0.461730355	0.343674459
1758	R	S	492.5	2	-0.03941757	0.032509994
1758	R	T	429	2	-0.107145801	0.391846609
1759	K	*	418	2	-1.833546155	0.23051967
1759	K	E	470	2	0.156731174	0.129870752
1759	K	M	327	2	0.37986441	0.026160402
1759	K	N	421.5	2	-0.1988605	0.114206956
1759	K	Q	553	2	0.272969813	0.230528767
1759	K	R	496	2	-0.054416046	0.117264898
1759	K	T	503	2	-0.259852223	0.245520381
1760	I	F	602	2	-0.896258271	0.401294063
1760	I	L	730	2	-0.192788069	0.066692015
1760	I	M	875	2	-0.167247724	0.43600817
1760	I	N	502	2	-2.181993712	0.046236054
1760	I	S	696	2	-2.271126986	1.07609337
1760	I	T	420	2	-2.605287949	0.368804338
1760	I	V	549	2	-0.198692768	0.129254265
1761	F	C	567	2	-3.000722888	0.189232711
1761	F	F	485	2	-0.064567361	0.298839011
1761	F	I	419	2	-3.434960657	1.241044516
1761	F	L	608.6666667	2	-0.070865039	0.146166336
1761	F	S	501	2	-3.081528483	2.737456431
1761	F	V	529	2	-2.661537636	2.220679004
1761	F	Y	489	2	-1.034478208	0.310469931
1762	R	G	485	2	-0.176011985	0.019646837
1762	R	K	606	2	-0.142165264	0.042774312
1762	R	M	606	2	0.264115311	0.069324416
1762	R	R	565	2	-0.07891504	0.106840922
1762	R	S	582.5	2	0.040961138	0.069289898
1762	R	T	559	2	-0.287184713	0.216945686
1762	R	W	915	2	0.2466609	0.395992456
1763	G	A	755	2	0.636291743	0.366479861
1763	G	R	654	2	-0.664336515	0.889622752
1763	G	V	770	2	-1.830636761	0.603444974
1764	L	I	399	2	-0.457075646	0.056235514
1764	L	L	392	2	0.152973867	0.420873656
1764	L	P	669	2	-1.986744563	0.598274473
1764	L	Q	601	2	-1.68158411	0.156866095
1764	L	V	266	2	-0.502673317	0.747038981
1765	E	*	285	2	-3.007625564	0.759973468
1765	E	A	660	2	-0.207861895	0.231532603
1765	E	D	565	2	-0.078904454	0.185141126
1765	E	E	831	2	0.723243064	0.585223514
1765	E	G	538	2	-0.945497358	1.137976516
1765	E	K	388	2	-0.102273748	0.002861701
1765	E	Q	570	2	-0.450121558	0.316074321
1765	E	V	696	2	-0.197631606	0.328374221
1766	I	F	304	2	-0.24892979	0.232224992
1766	I	I	523.5	2	-0.083624864	0.19816908
1766	I	L	493	2	0.275411155	0.073370504
1766	I	M	600	2	-0.314915849	0.638874548
1766	I	N	437	2	-2.947427858	0.337646902
1766	I	S	622	2	-1.832268402	0.680879419
1766	I	T	588	2	-2.272676881	0.784317207
1766	I	V	457	2	-0.027999827	0.217558208
1767	C	*	528	2	-2.109059991	0.571873632
1767	C	C	309	2	0.598969347	0.589736308
1767	C	F	727	2	-0.037427328	0.261109365
1767	C	G	509	2	-0.961465889	0.146756536
1767	C	R	576	2	-1.023520732	1.223926159
1767	C	S	573.5	2	-0.602121601	0.338639108
1767	C	W	291	2	-1.195495022	0.841442616
1767	C	Y	527	2	-0.018461294	0.37004309
1768	C	*	325	2	-2.197494287	0.329616827
1768	C	C	332	2	-0.256078321	0.960303923
1768	C	F	550	2	-1.623083698	0.471913035
1768	C	G	342	2	-0.967951041	0.618420398
1768	C	R	283	2	-1.22753279	0.357987538
1768	C	S	480.5	2	-0.736750278	0.024095585
1768	C	W	394	2	-1.883722065	1.354377968
1768	C	Y	364	2	-0.735895408	0.386660697
1769	Y	*	584.5	2	-2.786501347	1.270161174
1769	Y	C	367	2	-0.848123415	0.646277927
1769	Y	D	358	2	-1.754691641	0.532418619
1769	Y	F	312	2	0.22251305	0.515175371
1769	Y	N	324	2	-0.174143412	0.157097891
1769	Y	S	467	2	-0.454148627	0.183501109
1769	Y	Y	517	2	0.249844856	0.365728518
1770	G	A	447	2	0.177727283	0.610613117
1770	G	E	429	2	-0.24180534	0.361747106
1770	G	G	671.6666667	2	0.008474456	0.336126847
1770	G	R	629	2	-1.374750854	0.917644481
1770	G	V	384	2	-2.598026615	1.105671862
1770	G	W	595	2	-2.726979005	0.445339306
1771	P	A	260	2	-0.660597065	0.211117388
1771	P	H	331	2	-0.187415676	0.165523234
1771	P	L	613	2	-0.708448452	0.673139368
1771	P	P	232.6666667	2	0.031391195	0.249188932
1771	P	R	287	2	-0.472155008	0.790123569
1771	P	S	347	2	0.636000094	0.09377926
1771	P	T	355	2	-0.582526407	0.864448402
1772	F	C	699	2	-0.318746863	0.015666122
1772	F	F	597	2	-0.391263301	0.003055605
1772	F	I	428	2	-0.203447138	0.824924818
1772	F	L	596.5	2	-0.331756488	0.173383082
1772	F	S	547	2	-0.104820761	0.093052764
1772	F	V	505	2	-1.019752288	0.791353374
1772	F	Y	522	2	0.052863721	0.652943061
1773	T	A	526	2	-0.986490294	1.155688632
1773	T	I	533	2	0.200455716	0.293781343
1773	T	N	660	2	-0.507254589	0.175661258
1773	T	P	537	2	-0.067303492	0.455802976
1773	T	S	519.5	2	-0.195400324	0.581875819
1773	T	T	532	2	-0.078296999	0.059189681
1774	N	D	530	2	0.066732337	0.300605071
1774	N	H	475	2	0.136919874	0.34965815
1774	N	I	586	2	-0.143580172	0.264907112
1774	N	K	529	2	-0.02077052	0.070520554
1774	N	N	414	2	-0.501709436	0.046583531
1774	N	S	382	2	-0.108641712	0.63342183
1774	N	T	461	2	0.003280231	0.119503346
1774	N	Y	587	2	-0.04506675	0.151845047
1775	M	I	531.6666667	2	-0.72570377	0.47559147
1775	M	K	352	2	-1.831862366	0.594750684
1775	M	L	945.5	2	0.126128284	0.347515952
1775	M	R	333	2	-1.392638445	0.652085675
1775	M	T	381	2	-0.703426201	0.029441471
1775	M	V	460	2	-1.522042302	0.350315753
1776	P	A	641	2	-0.29748191	0.122774986
1776	P	H	546	2	0.332097385	0.738047334
1776	P	L	611	2	-0.365363312	0.328850611
1776	P	P	756.6666667	2	-0.300677602	0.518612551
1776	P	R	394	2	-0.077755264	0.646801375
1776	P	S	489	2	-0.463819845	0.507653118
1776	P	T	786	2	-0.151370595	0.598150151
1777	T	A	856	2	0.115434624	0.069899
1777	T	I	461	2	-0.453445017	0.745818556
1777	T	K	687	2	-0.230527312	0.274728265
1777	T	P	497	2	0.09141921	0.653181148
1777	T	R	700	2	-0.25998477	0.27628391
1777	T	S	570	2	-0.017011003	0.112252212
1778	D	A	550	2	0.047971711	0.110800898
1778	D	E	403	2	-0.067697788	0.102406894
1778	D	G	508	2	-0.093197796	0.10431189
1778	D	N	403	2	-1.017950484	1.183578615
1778	D	V	330	2	0.010852765	0.264184079
1778	D	Y	1301	2	-1.052680353	0.861171584
1779	Q	*	459	2	-2.479675276	0.147022155
1779	Q	E	437	2	-0.201378827	0.235098795
1779	Q	H	488	2	0.242126628	0.060364849
1779	Q	K	456	2	0.174697664	0.006601288
1779	Q	L	442	2	0.081959099	0.208779728
1779	Q	P	330	2	-0.597503848	0.133848442
1779	Q	Q	477	2	0.362753047	0.084568671
1779	Q	R	525	2	-0.082708212	0.076691787
1780	L	P	459	2	-2.354943895	0.302756037
1780	L	R	400	2	-1.982653746	0.636576771
1780	L	V	374	2	-0.690953042	0.241001742
1781	E	*	401	2	-1.61962077	0.317620919
1781	E	A	316	2	0.400263043	0.162251415
1781	E	D	459.5	2	0.109688437	0.038152605
1781	E	E	499	2	0.320884871	0.131738252
1781	E	K	340	2	0.122330704	0.190236636
1781	E	Q	407	2	0.192824554	0.030566753
1781	E	V	400	2	0.205498427	0.068307842
1782	W	*	426.5	2	-2.460327431	0.482602261
1782	W	C	495.5	2	-0.107768344	0.124687757
1782	W	G	423	2	0.005755388	0.231635949
1782	W	L	471	2	0.003886588	0.156219647
1782	W	R	424	2	0.150364469	0.029494525
1782	W	S	473	2	0.180529843	0.264099927
1783	M	I	462.3333333	2	-0.056770356	0.11849423
1783	M	K	371	2	-1.512336819	0.030329634
1783	M	L	610.5	2	0.087926312	0.10112869
1783	M	R	465	2	-2.113652955	0.237868915
1783	M	T	472	2	-0.442333511	0.257064425
1783	M	V	556	2	-0.114052491	0.099382459
1784	V	A	448	2	0.288345831	0.07288136
1784	V	E	355	2	-2.082720017	0.618461603
1784	V	G	533	2	-0.482147505	0.054202412
1784	V	I	403	2	-0.052235209	0.218772067
1784	V	L	346	2	-0.060913238	0.128973839
1784	V	V	438	2	0.1617363	0.093525289
1785	Q	*	450	2	-1.622907385	0.117446918
1785	Q	E	475	2	0.269408297	0.186322809
1785	Q	H	508	2	-0.017713333	0.34441388
1785	Q	K	566	2	-0.283400305	0.431804376
1785	Q	L	606	2	0.064799707	0.173781479
1785	Q	P	339	2	-1.525560432	0.077306013
1785	Q	Q	436	2	0.078418035	0.113959053
1785	Q	R	577	2	0.10397113	0.234519594
1786	L	L	459.5	2	0.03326453	0.017402788
1786	L	M	412	2	-0.177410617	0.226389945
1786	L	P	460	2	-1.521510546	0.192853893
1786	L	Q	333	2	-0.200929902	0.448655329
1786	L	R	477	2	-0.151024585	0.351886987
1786	L	V	470	2	-0.196547915	0.28308513
1787	C	*	485	2	-1.755070041	0.014205981
1787	C	C	509	2	0.149741366	0.113709308
1787	C	F	347	2	-0.299372081	0.047761738
1787	C	G	402	2	0.158224375	0.344065009
1787	C	R	612	2	-1.925618478	0.188874783
1787	C	S	453.5	2	-0.11997291	0.164136846
1787	C	W	346	2	-1.955358378	0.014336156
1787	C	Y	379	2	-1.756248659	0.40094555
1788	G	A	627	2	-1.412131697	0.108382336
1788	G	C	560	2	-1.885704165	1.04321487
1788	G	D	472	2	-0.693108212	0.298297389
1788	G	G	476.6666667	2	0.088737359	0.027575261
1788	G	R	466	2	-2.185787155	0.613197502
1788	G	S	485	2	-1.352523322	0.055591518
1788	G	V	462	2	-1.679715181	0.001337149
1789	A	A	398.6666667	2	0.073352032	0.019158722
1789	A	D	488	2	-2.497897916	0.53112825
1789	A	G	478	2	-0.161095734	0.007345985
1789	A	P	377	2	-1.671327795	0.121603714
1789	A	S	604	2	-0.439408021	0.09603994
1789	A	T	509	2	-2.139004464	0.166229841
1789	A	V	551	2	-1.999552944	0.496716822
1790	S	A	435	2	0.250685591	0.059636025
1790	S	C	518	2	0.159635608	0.177383106
1790	S	F	494	2	-0.243343661	0.380212907
1790	S	P	398	2	-0.545062214	0.460645402
1790	S	S	482.3333333	2	0.015345895	0.061059327
1790	S	T	359	2	0.1676731	0.155470529
1790	S	Y	463	2	-0.351389324	0.038540578
1791	V	A	516	2	0.185419113	0.385428619
1791	V	E	327	2	-1.189003788	0.343201993
1791	V	G	403	2	-0.654299843	0.174157822
1791	V	L	622	2	-0.032684691	0.138867112
1791	V	M	490	2	-0.252402919	0.008000373
1791	V	V	406	2	0.107021591	0.014516964
1792	V	A	544	2	0.290276502	0.030370036
1792	V	E	384	2	-1.03390543	0.029329111
1792	V	G	508	2	-0.585138826	0.005574449
1792	V	L	388	2	-0.116997373	0.078011912
1792	V	M	416	2	-0.136814697	0.075171869
1792	V	V	478.6666667	2	-0.143926422	0.095383194
1793	K	*	431	2	-1.682129994	0.368699614
1793	K	E	470	2	0.140358151	0.087708081
1793	K	K	498	2	-0.018378617	0.542755215
1793	K	M	458	2	-0.350282463	0.101807666
1793	K	N	492	2	-0.485177351	0.308137956
1793	K	Q	453	2	0.190832525	0.111031286
1793	K	R	413	2	0.472239647	0.372058075
1793	K	T	405	2	0.304856631	0.186964864
1794	E	*	462	2	-1.899853309	0.155941907
1794	E	A	529	2	0.133261067	0.075253515
1794	E	D	431.5	2	-0.203174022	0.097102862
1794	E	E	529	2	-0.139960542	0.099486723
1794	E	G	586	2	0.494525047	0.214460128
1794	E	K	449	2	-0.191608109	0.103894376
1794	E	Q	518	2	0.08847117	0.075658542
1794	E	V	484	2	-0.27738758	0.176590478
1795	L	F	463	2	0.193792115	0.074728872
1795	L	H	545	2	-0.16182793	0.087592121
1795	L	I	591	2	-0.370652929	0.027050571
1795	L	L	510.6666667	2	0.065466537	0.079799535
1795	L	P	435	2	0.185247954	0.430486394
1795	L	R	565	2	0.032762638	0.099873404
1795	L	V	558	2	-0.049730498	0.084645192
1796	S	*	383	2	-2.827920958	0.296615533
1796	S	A	428	2	-0.061224523	0.232069998
1796	S	L	527	2	-0.783587017	0.005972329
1796	S	P	411	2	-0.158763871	0.058833195
1796	S	S	493.6666667	2	-0.100465592	0.112682205
1796	S	T	432	2	-0.131191209	0.1116453
1797	S	*	483.5	2	-2.316449945	0.123853667
1797	S	A	375	2	0.132073996	0.239848649
1797	S	L	358	2	-0.093689799	0.089433553
1797	S	P	411	2	0.039486467	0.393273263
1797	S	S	453.6666667	2	0.015385776	0.024765464
1797	S	T	284	2	-0.126059918	0.385056438
1798	F	C	463	2	-0.045273342	0.14172693
1798	F	F	444	2	-0.176393723	0.070009363
1798	F	I	428	2	-0.20296737	0.174688099
1798	F	L	395	2	-0.083709543	0.239893135
1798	F	S	419	2	0.109082854	0.007781675
1798	F	V	463	2	-0.209132543	0.041121574
1798	F	Y	396	2	-0.012765804	0.030891093
1799	T	A	477	2	0.197311231	0.280669549
1799	T	I	524	2	0.05607364	0.035656368
1799	T	N	548	2	-0.281580312	0.034703005
1799	T	P	458	2	0.06951319	0.012414616
1799	T	S	450	2	0.19399849	0.129436326
1799	T	T	486.3333333	2	0.020950188	0.070580958
1800	L	F	307	2	-0.054776005	0.176755087
1800	L	H	458	2	0.163739165	0.110720559
1800	L	I	614	2	-0.000404225	0.028931998
1800	L	L	387.3333333	2	-0.106799408	0.150085465
1800	L	P	326	2	0.171427449	0.076321411
1800	L	R	545	2	0.020172492	0.12193816
1800	L	V	459	2	-0.136279493	0.118402597
1801	G	A	510	2	0.007740476	0.154892742
1801	G	C	487	2	-0.1272595	0.067837104
1801	G	D	411	2	0.042955774	0.336383505
1801	G	G	405.3333333	2	0.016392407	0.051165058
1801	G	R	412	2	-0.261908996	0.234322715
1801	G	S	399	2	0.092973393	0.071288077
1801	G	V	578	2	0.265168855	0.212632055
1802	T	A	399	2	0.045992706	0.162189041
1802	T	I	427	2	0.183191306	0.048524941
1802	T	K	279	2	-0.354782147	0.270799965
1802	T	P	432	2	0.305814753	0.026462631
1802	T	R	485	2	-0.060562919	0.190680807
1802	T	S	459	2	0.074865725	0.11472327
1803	G	A	569	2	0.015107804	0.380608026
1803	G	C	534	2	0.30984265	0.099997289
1803	G	D	422	2	-1.070930368	0.124107166
1803	G	R	492	2	0.104268268	0.074010833
1803	G	S	468	2	-0.320508704	0.112216959
1803	G	V	468	2	-0.349508564	0.372925859
1804	V	A	592	2	0.08158347	0.467955801
1804	V	D	495	2	0.429372532	0.158441064
1804	V	F	660	2	0.556759822	0.151476172
1804	V	G	581	2	-0.697272171	0.161807851
1804	V	I	598	2	0.058148475	0.551954722
1804	V	L	571	2	-0.580450235	0.000671027
1804	V	V	512	2	-0.035213523	0.030856942
1805	H	D	627	2	0.211689664	0.059080158
1805	H	H	507	2	0.213177011	0.190064528
1805	H	L	707	2	0.276406041	0.561844223
1805	H	N	562	2	0.140889197	0.411363076
1805	H	P	508	2	-0.083873047	0.294659882
1805	H	Q	600	2	-0.200564298	0.343941722
1805	H	R	469	2	-0.010064457	0.498967026
1805	H	Y	525	2	0.198364117	0.010197391
1806	P	A	719	2	0.098106711	0.250052277
1806	P	L	583	2	-0.203817494	0.448104889
1806	P	P	525.3333333	2	0.121975255	0.197051404
1806	P	Q	656	2	0.073841598	0.520513801
1806	P	R	577	2	0.160857416	0.184423832
1806	P	S	450	2	0.477544139	0.12151235
1806	P	T	606	2	-0.304187042	0.444900347
1807	I	F	576	2	-1.125070136	0.242617903
1807	I	I	590.5	2	-0.40190039	0.376355678
1807	I	L	630	2	0.177009281	0.069540436
1807	I	M	614	2	0.165225199	0.420827875
1807	I	N	469	2	-1.741497034	0.893456903
1807	I	S	613	2	-1.932774307	0.530423272
1807	I	T	457	2	-0.260029674	0.113855098
1807	I	V	461	2	0.161589837	0.12694423
1808	V	A	562	2	-0.798819226	0.257238505
1808	V	G	403	2	-1.930088141	1.086661009
1808	V	L	410	2	-0.227223409	0.963146672
1809	V	A	474	2	-1.649958296	0.078386749
1809	V	D	513	2	-1.354903919	0.579474425
1809	V	I	505	2	-0.216144902	0.137817785
1809	V	V	514.6666667	2	0.129504175	0.593305152
1810	V	A	567	2	-0.036260639	0.049080029
1810	V	E	538	2	-1.563640679	0.009255057
1810	V	G	517	2	-3.3738808	1.156593943
1810	V	L	543.5	2	-0.128324958	0.118241737
1810	V	M	537	2	-0.477757821	0.325869015
1810	V	V	549	2	-1.008622859	0.340146759
1811	Q	*	472	2	-1.257834781	0.200418039
1811	Q	E	423	2	-0.076575852	0.283011342
1811	Q	H	523.5	2	-0.506790072	0.476396433
1811	Q	K	590	2	-2.061911143	1.020900113
1811	Q	L	548	2	-3.420158147	0.321976322
1811	Q	P	534	2	-1.946901508	0.117614089
1811	Q	Q	435	2	0.123846217	0.359564658
1811	Q	R	579	2	-1.711502185	0.591637766
1812	P	A	757	2	-2.75730524	1.245118099
1812	P	L	420	2	-0.7653346	0.331208919
1812	P	P	506.3333333	2	-0.000397397	0.136773529
1812	P	Q	424	2	-0.879112288	0.071109319
1812	P	R	477	2	0.261310921	0.374011589
1812	P	S	390	2	-0.326462941	0.230415576
1812	P	T	432	2	-0.074708535	0.204932912
1813	D	A	528	2	0.025227332	0.239901755
1813	D	D	366	2	0.072360982	0.067508877
1813	D	E	528.5	2	-0.163102576	0.094063788
1813	D	G	577	2	0.21034116	0.187752409
1813	D	H	525	2	-0.981230415	0.445870551
1813	D	N	493	2	-0.142261664	0.358624287
1813	D	V	549	2	-0.180560716	0.459432021
1813	D	Y	629	2	-1.316304857	0.124245252
1814	A	A	495.6666667	2	-0.07180045	0.511945492
1814	A	D	589	2	-1.254912402	1.346702798
1814	A	G	557	2	-1.37729254	0.219921667
1814	A	P	455	2	-0.846765222	0.548299058
1814	A	S	540	2	-0.671084707	0.709163743
1814	A	T	413	2	-0.180716298	0.699033182
1814	A	V	639	2	-0.359948472	0.257762718
1815	W	*	486	2	-2.159401882	0.291415778
1815	W	C	624.5	2	-3.129259487	0.415208369
1815	W	G	545	2	-0.624105915	0.596730657
1815	W	L	624	2	0.035890047	0.419797685
1815	W	R	417	2	-0.484028888	0.082831127
1815	W	S	625	2	-1.549697531	0.543795055
1816	T	A	508	2	-0.093720032	0.019861203
1816	T	I	426	2	0.018444786	0.762910414
1816	T	K	509	2	-0.505095338	0.558277487
1816	T	P	598	2	-0.302598613	0.088114916
1816	T	R	529	2	0.0848726	0.137029707
1816	T	S	462	2	-0.582124911	0.625720606
1816	T	T	555	2	0.31924682	0.03803895
1817	E	*	516	2	-2.600809149	1.323428127
1817	E	A	419	2	0.310352545	0.294452898
1817	E	D	479.5	2	-0.376400348	0.146905786
1817	E	E	433	2	0.130951836	0.100562814
1817	E	G	504	2	0.71901111	0.07800062
1817	E	K	470	2	0.126226953	0.323578865
1817	E	Q	520	2	-0.478225313	0.01440402
1817	E	V	575	2	-0.587397335	0.144961632
1818	D	A	624	2	-0.628332848	0.047276883
1818	D	D	603	2	-0.118783423	0.640978326
1818	D	E	506.5	2	0.140255009	0.360082638
1818	D	G	663	2	-3.163035304	0.520377964
1818	D	H	558	2	-1.966682516	0.184435794
1818	D	N	624	2	-0.059666754	0.041162732
1818	D	V	485	2	0.155552919	0.240992711
1818	D	Y	619	2	0.029580238	0.022482498
1819	N	D	583	2	0.000534279	0.003240595
1819	N	H	603	2	-0.415957444	0.401177111
1819	N	I	547	2	-0.270928279	0.188198819
1819	N	K	557	2	-0.159101702	0.142060934
1819	N	N	547	2	0.449495997	1.145249657
1819	N	S	481	2	0.408757217	0.060689751
1819	N	T	476	2	-0.279502934	0.139459146
1819	N	Y	480	2	-0.449637787	0.786737509
1820	G	A	463	2	-0.784422946	0.463969942
1820	G	C	492	2	-0.609895505	1.288348904
1820	G	D	549	2	-0.325765931	0.624372702
1820	G	G	523	2	0.100930728	0.239688178
1820	G	R	533	2	-0.154003266	1.156356748
1820	G	S	384	2	-0.396620648	0.035061646
1820	G	V	628	2	0.262636792	0.484261584
1821	F	C	516	2	-0.73462888	0.63819709
1821	F	F	476	2	-0.062009636	0.350803366
1821	F	I	613	2	-0.437724082	0.664384456
1821	F	L	528	2	-0.207475202	0.471420846
1821	F	S	581	2	-0.112501489	0.147693094
1821	F	V	612	2	-0.195359257	0.259807578
1821	F	Y	534	2	-0.038687306	0.0058424
1822	H	D	508	2	0.225013754	0.734515579
1822	H	L	461	2	-0.330819441	0.263205532
1822	H	N	566	2	0.219049203	0.34129025
1822	H	P	508	2	0.001600832	0.648603533
1822	H	Q	406.5	2	-0.000956686	0.459091149
1822	H	R	354	2	-0.424960818	0.091869478
1822	H	Y	616	2	-0.242424965	0.188234019
1823	A	E	335	2	0.135290186	0.311934702
1823	A	G	405	2	-0.841867943	0.622254914
1823	A	P	372	2	-3.30464537	1.08931858
1823	A	S	455	2	-3.642830834	0.073467585
1823	A	T	426	2	-3.186519076	0.149193251
1823	A	V	503	2	-0.438360206	0.551175471
1824	I	F	365	2	-0.510016109	0.487041806
1824	I	I	355	2	0.068198645	0.151810137
1824	I	L	432	2	-0.31378998	0.151021342
1824	I	M	442	2	-2.078019786	0.440485294
1824	I	N	288	2	-0.293590735	0.410466182
1824	I	S	384	2	-0.126433781	0.115382145
1824	I	T	414	2	-0.528084961	0.319084913
1824	I	V	290	2	-0.330562389	0.366213775
1825	G	A	471	2	-0.042873856	0.235642504
1825	G	E	502	2	-0.010771661	0.031997354
1825	G	G	489.6666667	2	-0.24723095	0.057072339
1825	G	R	546.5	2	-0.126357829	0.171233019
1825	G	V	449	2	-0.130113384	0.097220543
1825	G	W	536	2	-0.608895507	0.429765112
1826	Q	*	586	2	-1.442512332	0.026773507
1826	Q	E	425	2	0.044173969	0.53604212
1826	Q	H	418.5	2	-0.510818693	0.255413593
1826	Q	K	475	2	-0.025890479	0.538290145
1826	Q	L	400	2	-0.188283018	0.49650345
1826	Q	P	420	2	-0.032405706	0.060256103
1826	Q	Q	477	2	-0.614359996	0.342960777
1826	Q	R	447	2	0.038512569	0.28774368
1827	M	I	470.3333333	2	-0.38838587	0.237886964
1827	M	K	509	2	-0.129843362	0.143510736
1827	M	L	392.5	2	-0.008008463	0.137345126
1827	M	R	353	2	-0.242181569	0.432562792
1827	M	T	524	2	0.063026048	0.209691731
1827	M	V	520	2	-0.276791006	0.367192415
1828	C	*	345	2	-2.118954498	0.27716436
1828	C	C	397	2	-0.258143619	0.066112683
1828	C	F	424	2	-0.404389484	0.647743171
1828	C	G	476	2	-0.407530171	0.377698935
1828	C	R	552	2	-0.875619335	0.315991291
1828	C	S	357	2	-0.275009483	0.388225357
1828	C	W	457	2	-0.090205374	0.263340745
1828	C	Y	508	2	-0.308549502	0.015138693
1829	E	*	471	2	-2.375755855	0.114537466
1829	E	A	530	2	0.052718601	0.07928981
1829	E	D	512.5	2	-0.098948277	0.246665966
1829	E	E	414	2	-0.28588728	0.745078931
1829	E	G	513	2	-0.150965351	0.54480224
1829	E	K	479	2	-0.804182974	0.618120633
1829	E	Q	424	2	-0.513444907	0.337099053
1829	E	V	379	2	0.226361294	0.06198736
1830	A	A	357.6666667	2	0.305540821	0.043237311
1830	A	E	365	2	-1.125728173	0.435920869
1830	A	G	396	2	-0.990940648	0.87555985
1830	A	P	364	2	-0.653638816	0.224406009
1830	A	S	487	2	-0.34428522	0.54222413
1830	A	T	485	2	0.168084556	0.207053269
1830	A	V	577	2	-0.211976289	0.227277731
1831	P	A	375	2	0.084675759	0.343725456
1831	P	H	397	2	-0.288263508	0.082518116
1831	P	L	410	2	0.085956773	0.245876184
1831	P	P	503.3333333	2	0.081034543	0.275063337
1831	P	R	566	2	-0.333529135	0.004517295
1831	P	S	395	2	-0.208516949	0.082377488
1831	P	T	494	2	-0.014992897	0.009609964
1832	V	A	459	2	-0.909867174	0.372619505
1832	V	G	510	2	-2.871570544	0.037893311
1832	V	L	515	2	-0.736470517	0.197591537
1833	V	A	444	2	-0.661423187	0.635658427
1833	V	E	425	2	-2.605933766	0.066143085
1833	V	L	417	2	-0.784809335	0.378427473
1833	V	M	531	2	-2.183484359	0.102540359
1833	V	V	466.3333333	2	0.03168144	0.293165466
1834	T	A	466	2	0.220196066	0.145655492
1834	T	I	340	2	0.195638344	0.044046558
1834	T	N	393	2	-0.049695064	0.277639789
1834	T	P	386	2	0.131130517	0.190483047
1834	T	S	370.5	2	-0.089850133	0.201716934
1834	T	T	434.3333333	2	-0.124098779	0.132006606
1835	R	*	279	2	-2.296250629	0.101192245
1835	R	G	389	2	-1.447836508	0.67883524
1835	R	L	495	2	-1.189276624	0.132486742
1835	R	P	366	2	-1.312085754	0.104606736
1835	R	Q	389	2	-0.906347441	0.134121937
1835	R	R	436.75	2	0.112346384	0.012678188
1836	E	*	451	2	-1.982247134	0.248317565
1836	E	A	448	2	0.459904567	0.178364844
1836	E	D	574.5	2	0.045649363	0.023321897
1836	E	E	313	2	0.067640546	0.022371028
1836	E	G	266	2	-0.171450552	0.191903201
1836	E	K	527	2	-0.299933276	0.169651455
1836	E	Q	488	2	-0.005133663	0.234372539
1836	E	V	481	2	-1.690014505	0.689036563
1837	W	*	454.5	2	-1.992583397	0.040708127
1837	W	C	389	2	-2.187381644	0.252919927
1837	W	G	378	2	-2.562818474	0.599628283
1837	W	L	428	2	-2.168872309	0.441580919
1837	W	R	461.5	2	-2.387599948	0.548121406
1837	W	S	510	2	-2.224528694	0.488267881
1838	V	A	256	2	-0.213826976	0.009021616
1838	V	E	403	2	-1.725873239	0.498815612
1838	V	G	471	2	-1.979915318	0.00988532
1838	V	L	409	2	-0.065622912	0.106533269
1838	V	M	357	2	-0.553037931	0.124478731
1838	V	V	490.3333333	2	-0.015225439	0.199378217
1839	L	*	435	2	-2.96032919	0.055993771
1839	L	F	380	2	-0.064431615	0.446613741
1839	L	L	435	2	-0.013345125	0.008774094
1839	L	S	381	2	-2.491443829	0.14084325
1839	L	V	473	2	-1.910878187	0.193050905
1840	D	A	466	2	0.040887376	0.140443725
1840	D	D	355	2	-0.625140476	0.445494407
1840	D	E	396.5	2	-1.21247057	0.215847607
1840	D	G	461	2	-1.364247139	0.347384637
1840	D	H	390	2	-0.465913766	0.025087481
1840	D	N	572	2	0.11660501	0.029092904
1840	D	V	452	2	-1.79378435	0.132017859
1841	S	C	387	2	-0.023697713	0.193554026
1841	S	G	449	2	-0.833876806	0.481552886
1841	S	I	370	2	-2.185789258	0.458717062
1841	S	N	347	2	-2.262144441	0.184474735
1841	S	R	419.6666667	2	-2.037480016	0.109601414
1841	S	S	449	2	0.380065819	0.045076276
1841	S	T	373	2	-1.863429464	0.032127734
1842	V	A	353	2	-1.49481134	0.832077473
1842	V	E	509	2	-2.026892883	0.563957356
1842	V	G	457	2	-1.922434028	0.515533747
1842	V	I	335	2	-0.01810642	0.286706165
1842	V	L	419.5	2	-0.525453496	0.48504901
1842	V	V	543.3333333	2	0.079165563	0.016916483
1843	A	A	449.6666667	2	0.301295172	0.03794695
1843	A	E	419	2	-2.819920758	0.065951816
1843	A	G	394	2	-0.356104922	0.165960604
1843	A	P	464	2	-2.684527284	0.556848165
1843	A	S	357	2	0.060352797	0.256219932
1843	A	T	448	2	-0.062383638	0.092463632
1843	A	V	397	2	-0.377550923	0.003128397
1844	L	F	402	2	-0.170767948	0.191682028
1844	L	H	330	2	-0.312582722	0.78351987
1844	L	I	439	2	-0.268220295	0.067263668
1844	L	L	489	2	-0.139304918	0.118956532
1844	L	P	432	2	-0.232681566	0.184270344
1844	L	R	318	2	-0.061581269	0.474793322
1844	L	V	435	2	0.196108694	0.189080258
1845	Y	*	394	2	-2.491943622	0.185676553
1845	Y	C	362	2	0.041728726	0.24811248
1845	Y	D	382	2	-0.811639346	0.562556837
1845	Y	F	354	2	0.115162949	0.380762764
1845	Y	H	392	2	0.121790822	0.133420649
1845	Y	N	426	2	-0.029240771	0.160831917
1845	Y	S	504	2	-0.22453305	0.344256171
1845	Y	Y	469	2	-0.129467374	0.467744988
1846	Q	*	540	2	-2.233353775	0.723829785
1846	Q	E	413	2	-0.193852333	0.10528257
1846	Q	H	432.5	2	-0.251299372	0.176915224
1846	Q	K	381	2	-0.085173172	0.286366291
1846	Q	L	581	2	0.098458145	0.159005742
1846	Q	P	531	2	-1.966089107	0.728866823
1846	Q	Q	463	2	0.064568067	0.106859329
1846	Q	R	449	2	0.280153919	0.546047477
1847	C	*	495	2	-1.880974363	0.145604972
1847	C	C	449	2	-0.116100914	0.348474201
1847	C	F	463	2	-0.497292267	0.03447183
1847	C	G	280	2	-0.051867215	0.186903957
1847	C	R	425	2	0.255108725	0.240506954
1847	C	S	375	2	-0.094163985	0.320629817
1847	C	W	381	2	-0.127904431	0.334628793
1847	C	Y	376	2	0.137716862	0.136602642
1848	Q	*	457	2	-2.073086527	0.105927654
1848	Q	E	584	2	-0.353073613	0.403515609
1848	Q	H	441	2	-0.893921988	0.189730302
1848	Q	K	444	2	0.065825303	0.401764984
1848	Q	L	474	2	-0.101285458	0.171557358
1848	Q	P	501	2	-1.749798788	1.287601332
1848	Q	Q	502	2	-0.463788966	0.547389973
1848	Q	R	383	2	0.251439368	0.119035525
1849	E	*	413	2	-1.894614195	0.176611654
1849	E	A	452	2	-1.18497765	0.216756892
1849	E	D	406.5	2	0.033738268	0.249999183
1849	E	E	545	2	-0.031024351	0.066494316
1849	E	G	480	2	-0.444983274	0.263723179
1849	E	K	540	2	-0.142875394	0.02321438
1849	E	Q	500	2	0.047025123	0.384529924
1849	E	V	411	2	-1.009539446	0.004777153
1850	L	L	405.25	2	-0.098995509	0.09412229
1850	L	M	359	2	0.168902849	0.142336618
1850	L	P	458	2	0.106617168	0.091004451
1850	L	Q	516	2	-0.635649813	0.167077326
1850	L	R	356	2	-0.185898415	0.398691874
1850	L	V	432	2	-0.406771499	0.448054128
1851	D	A	620	2	-0.243173681	0.283017052
1851	D	D	364	2	-0.825888554	0.265289051
1851	D	E	415	2	-0.114483315	0.096179074
1851	D	G	436	2	-0.328077814	0.234260136
1851	D	H	551	2	-0.044297379	0.461062829
1851	D	N	443	2	-0.253026438	0.077369572
1851	D	V	553	2	-0.675031571	0.471531476
1851	D	Y	471	2	-0.636700804	0.179136233
1852	T	A	466	2	0.309628122	0.194524333
1852	T	I	521	2	-0.152107501	0.168851761
1852	T	N	408	2	-0.074499967	0.187939994
1852	T	P	293	2	-0.067411713	0.178286252
1852	T	S	525	2	-0.183366278	0.242895
1852	T	T	433.6666667	2	-0.280294743	0.008442647
1853	Y	*	326.5	2	-1.820517275	0.451408586
1853	Y	C	454	2	-2.763438153	0.847520327
1853	Y	D	458	2	-3.351371554	1.800936065
1853	Y	F	574	2	-0.627988108	0.139347267
1853	Y	H	470	2	-1.652882911	0.544735986
1853	Y	N	313	2	-2.16719537	1.125448627
1853	Y	S	505	2	-1.698236873	0.266997875
1853	Y	Y	480	2	0.041466299	0.374643416
1854	L	L	387.75	2	-0.372850969	0.006287622
1854	L	M	299	2	-0.040534341	0.007000109
1854	L	P	371	2	-1.34387151	0.266650123
1854	L	Q	469	2	0.259387036	0.517542246
1854	L	R	406	2	0.312451685	0.058135896
1854	L	V	325	2	0.15847644	0.319282873
1855	I	I	508.5	2	0.107930262	0.127760412
1855	I	K	388	2	-0.863843895	0.255229044
1855	I	L	475	2	0.007631766	0.20467085
1855	I	M	436	2	0.021940862	0.215753154
1855	I	R	505	2	-0.464328416	0.45747422
1855	I	T	518	2	-0.291518974	0.262322916
1855	I	V	432	2	0.046277631	0.277141776