aa_pos	aa_ref	aa_alt	quality_score	num_replicates	fitness_input	fitness_input_sd
1	M	I	1040	2	-2.208512384	0.305052965
1	M	K	681	2	-1.636700457	0.873840908
1	M	L	847.5	2	-2.241078989	0.743222352
1	M	R	878	2	-2.481579555	1.434150421
1	M	T	797	2	-1.656569077	0.024450021
1	M	V	1229	2	-2.025644729	0.167781546
2	D	A	848	2	-0.180781769	0.037255405
2	D	D	753	2	-0.098318749	0.558909713
2	D	E	964	2	0.043284713	0.12765867
2	D	G	1017	2	-1.017827978	0.553835724
2	D	H	963	2	-1.473830806	0.058969076
2	D	N	903	2	-0.682954463	0.054626058
2	D	V	849	2	-1.159498021	0.059502247
2	D	Y	706	2	-0.256094696	0.561990351
3	L	*	1085	2	-3.162228195	0.819645148
3	L	F	1227	2	-0.473639601	0.248125709
3	L	I	1173	2	0.021900501	0.657483419
3	L	L	749	2	0.096883801	0.114802068
3	L	S	789	2	-0.066456403	0.124430333
3	L	V	783	2	-0.050045929	0.188106174
4	S	A	770	2	0.073691291	0.025246457
4	S	C	1069	2	-0.245299044	0.390013331
4	S	F	704	2	-0.49523871	0.15360022
4	S	P	1161	2	-0.330095865	0.162854634
4	S	S	550.3333333	2	-0.097752665	0.141736547
4	S	T	552	2	0.037639504	0.433195877
4	S	Y	803	2	-0.255390244	0.175983341
5	A	A	1111.333333	2	-0.145064466	0.144752783
5	A	D	598	2	0.132687422	0.030946361
5	A	G	1391	2	-0.591609276	0.249689539
5	A	P	1018	2	-0.892859053	0.238568737
5	A	S	831	2	-0.261440554	0.067723848
5	A	T	662	2	-0.087838197	0.213570875
5	A	V	747	2	0.3140798	0.450748388
6	L	F	814	2	-0.180958273	0.233880892
6	L	H	802	2	-0.038196845	0.52168763
6	L	I	932	2	-0.114585699	0.328208728
6	L	L	975.6666667	2	-0.02554948	0.289291929
6	L	P	997	2	0.32695251	0.093983372
6	L	R	856	2	-0.195369135	0.579097363
6	L	V	785	2	0.163586305	0.115554766
7	R	C	1467	2	-0.1488671	0.117822274
7	R	G	1110	2	-0.311500808	0.095569513
7	R	H	1084	2	-0.539420688	0.06788501
7	R	L	1336	2	-0.016458552	0.387120599
7	R	P	1243	2	-0.192425587	0.114404378
7	R	R	900.3333333	2	-0.059317898	0.093745368
7	R	S	909	2	-0.921591674	0.20131409
8	V	A	782	2	0.223406497	0.189119282
8	V	D	1391	2	-1.121675899	0.291869483
8	V	F	817	2	-0.569226808	0.405472534
8	V	G	959	2	-0.31228933	0.144533261
8	V	I	756	2	-0.560918663	0.013105142
8	V	L	1361	2	-0.448267493	0.196003598
8	V	V	1014.333333	2	-0.06714468	0.045123841
9	E	*	983	2	-1.942555755	0.102800037
9	E	A	1441	2	0.236742529	0.304428598
9	E	D	1230.5	2	-0.265555044	0.121554809
9	E	E	435	2	-0.200679811	0.145840873
9	E	G	1256	2	-0.145407856	0.34986914
9	E	K	1030	2	-0.649333464	0.112540206
9	E	Q	1204	2	-0.292376185	0.104987802
9	E	V	1308	2	-0.252637874	0.049394065
10	E	*	1145	2	-2.352727386	0.167561998
10	E	A	834	2	-0.031900678	0.519591536
10	E	D	1192	2	-0.052939368	0.032880506
10	E	E	1182	2	-0.308519546	0.087239307
10	E	G	1147	2	-0.183632895	0.014673116
10	E	K	931	2	-0.769615879	0.661331381
10	E	Q	1163	2	-0.40328654	0.048767879
10	E	V	940	2	-0.851903169	0.170911486
11	V	A	1083	2	-0.126650277	0.008959867
11	V	E	1193	2	-2.204882747	0.024308851
11	V	G	1135	2	-2.47449709	0.515902798
11	V	I	698	2	-0.313424946	0.439923657
11	V	L	1247.5	2	-1.154985863	0.537256253
11	V	V	1024.666667	2	0.08001163	0.040089914
12	Q	*	920	2	-1.892461575	0.560828451
12	Q	E	864	2	-0.387357109	0.266592366
12	Q	H	839.5	2	-0.072355297	0.228923118
12	Q	K	958	2	0.078566622	0.070388598
12	Q	L	1129	2	0.119074368	0.367184068
12	Q	P	1074	2	-2.184754753	0.308350595
12	Q	Q	1443	2	-0.113496939	0.04010166
12	Q	R	1367	2	0.313648738	0.229508039
13	N	D	928	2	0.316276816	0.330017434
13	N	H	1329	2	0.155809002	0.475729443
13	N	I	786	2	-0.578107176	0.030945187
13	N	K	1264	2	-0.170473027	0.17602674
13	N	N	943	2	-0.108512374	0.125963578
13	N	S	1136	2	-0.072016385	0.592936131
13	N	T	653	2	0.171094587	0.495894408
13	N	Y	1013	2	-0.50402904	0.506612962
14	V	A	806	2	0.062406303	0.046063982
14	V	D	733	2	-1.233904888	0.522557679
14	V	F	575	2	-1.431762196	0.804956484
14	V	G	713	2	-1.861215053	1.151458786
14	V	I	993	2	-0.006564322	0.193807523
14	V	L	1051	2	-0.548239955	0.336710091
14	V	V	1026.333333	2	-0.248120324	0.054946837
15	I	F	1376	2	-1.320409483	0.400541295
15	I	I	909	2	0.184723186	0.112716419
15	I	L	1254	2	0.082683159	0.10092688
15	I	M	1147	2	-0.638691853	0.392368767
15	I	N	863	2	-2.63305343	0.386777598
15	I	S	990	2	-1.834711355	0.10078002
15	I	T	990	2	-2.096972572	0.815922101
15	I	V	1155	2	-0.580415865	0.223209911
16	N	D	1101	2	-0.172551303	0.341547879
16	N	H	833	2	-0.140590293	0.433544144
16	N	I	625	2	0.510672527	0.09619895
16	N	K	995.5	2	-0.114631819	0.354643156
16	N	N	1320	2	0.063431049	0.098671147
16	N	S	1027	2	-0.333605413	0.022048748
16	N	T	1033	2	0.14842158	0.048050502
16	N	Y	972	2	-0.353923268	0.401631383
17	A	A	931.6666667	2	0.130233977	0.138931963
17	A	D	1353	2	0.090807067	0.256629542
17	A	G	781	2	-0.180847973	0.378399719
17	A	P	818	2	-2.879821738	1.235790416
17	A	S	698	2	0.244995541	0.594402127
17	A	T	926	2	-0.329703977	0.209978548
17	A	V	802	2	-0.677930245	0.809690688
18	M	I	745	2	-0.214439991	0.087080996
18	M	K	1178	2	-2.390480695	0.84435277
18	M	L	938	2	-0.059287429	0.193864878
18	M	R	1075	2	-2.445988085	0.726093322
18	M	T	839	2	-1.887430162	0.380521257
18	M	V	702	2	-0.947284908	0.039357606
19	Q	*	805	2	-1.841135866	0.089601232
19	Q	E	1310	2	-0.170930864	0.069823057
19	Q	H	644.5	2	-0.351579192	0.226776596
19	Q	K	829	2	-0.308824721	0.172354246
19	Q	L	888	2	-0.017068918	0.388417314
19	Q	P	802	2	-2.169057842	0.162630763
19	Q	Q	1113	2	-0.117545479	0.19251396
19	Q	R	1271	2	0.050298898	0.276978067
20	K	*	1059	2	-2.209295674	0.329217792
20	K	E	867	2	-0.419304747	0.094123547
20	K	I	818	2	-0.207838345	0.01355357
20	K	K	682	2	0.119817298	0.013412488
20	K	N	893	2	-0.350599969	0.030928085
20	K	Q	833	2	-0.780493804	0.00668211
20	K	R	1209	2	-0.076775943	0.782091916
20	K	T	472	2	-0.222575796	0.093977909
21	I	F	724	2	-0.432698516	0.087350311
21	I	I	881.5	2	-1.091969556	0.250074807
21	I	L	846	2	0.244697522	0.454804747
21	I	M	744	2	-0.527949052	0.373158613
21	I	N	1031	2	-0.215462981	0.375806264
21	I	S	927	2	0.202374415	0.189788458
21	I	T	818	2	0.072621292	0.198473537
21	I	V	809	2	-0.147346078	0.375229141
22	L	*	799	2	-2.06975467	0.211017941
22	L	F	972	2	-0.517565673	0.018810147
22	L	I	618	2	-0.62577826	0.415332356
22	L	L	847.5	2	0.333624485	0.291749385
22	L	S	809	2	-2.106675789	1.639145338
22	L	V	1087	2	-0.263422079	0.068514241
23	E	*	1005	2	-2.102314929	0.2560037
23	E	A	994	2	-0.608742916	0.618807856
23	E	D	1100	2	-0.969953997	0.18346311
23	E	E	827	2	-0.13816123	0.186309857
23	E	G	924	2	-0.843385011	0.32533735
23	E	K	952	2	-0.342968971	0.579743438
23	E	Q	948	2	0.252641451	0.290655525
23	E	V	717	2	0.135861257	1.098165168
24	C	*	960	2	-2.310907667	0.216671225
24	C	C	1101	2	0.263497776	0.213237318
24	C	F	666	2	-1.278273799	0.296628706
24	C	G	858	2	-2.315087279	0.280473729
24	C	R	1063	2	-2.78523998	1.049135005
24	C	S	604	2	-1.689331438	0.161244361
24	C	W	590	2	-2.735910855	0.449923656
24	C	Y	1105	2	-2.142683759	0.515353168
25	P	A	535	2	0.43760191	0.155318735
25	P	L	783	2	-1.660835719	0.114481562
25	P	R	1027	2	-0.202953505	0.243659795
25	P	S	1115	2	0.052850834	0.137848954
25	P	T	517	2	-0.194290416	0.438491201
26	I	L	1490	2	-0.834112338	0.294930966
26	I	M	344	2	0.075930661	0.389577634
26	I	N	885	2	-1.987543455	0.104896795
26	I	S	688	2	-1.096629497	0.176977796
26	I	T	1305	2	-1.907673843	0.569950858
26	I	V	1122	2	-0.010268963	0.001808557
27	C	*	459	2	-2.273366296	0.421296863
27	C	F	456	2	-2.580124399	0.924263786
27	C	G	1496	2	-2.374209472	0.914640348
27	C	R	1091	2	-1.959356754	0.8817321
27	C	S	742	2	-1.792534833	0.454889352
27	C	W	596	2	-1.922890359	0.524111114
27	C	Y	1238	2	-1.888262434	0.082046288
28	L	L	415	2	-0.222293909	0.095375561
28	L	M	443	2	-0.559160153	0.011213586
28	L	P	633	2	-1.643605818	0.21664511
28	L	Q	504	2	-0.333171449	0.002544616
28	L	R	690	2	-0.066280914	0.048825223
28	L	V	649	2	-0.728959634	0.094629425
29	E	*	314	2	-2.234278503	0.002101982
29	E	A	314	2	-0.053629647	0.043690673
29	E	D	351.5	2	-0.313642192	0.014210236
29	E	E	379	2	-0.141286741	0.212802203
29	E	G	609	2	-0.286648662	0.283376391
29	E	K	355	2	-0.645511679	0.052854231
29	E	Q	367	2	0.132155295	0.118317783
29	E	V	502	2	-0.260086526	0.068386533
30	L	*	439	2	-2.594708536	0.193816689
30	L	F	427.5	2	-0.476458581	0.213633211
30	L	L	394.5	2	-0.037556058	0.147939752
30	L	M	358	2	0.284766431	0.022200316
30	L	S	526	2	0.060109119	0.042612369
30	L	V	414	2	-0.047369436	0.15547089
30	L	W	444	2	-0.295743493	0.069997444
31	I	F	411	2	0.266900903	0.017718749
31	I	I	489.5	2	-0.470557423	0.113056781
31	I	L	450	2	-0.061783127	0.089944651
31	I	M	569	2	-0.631893111	0.087500366
31	I	N	525	2	-0.828223479	0.095634936
31	I	S	548	2	-0.031236589	0.035186697
31	I	T	562	2	-0.133781447	0.005769523
31	I	V	347	2	0.17125318	0.06595591
32	K	*	331	2	-2.226122229	0.048298432
32	K	E	461	2	-0.08777441	0.085762183
32	K	K	322	2	-0.042209056	0.211839253
32	K	M	308	2	-0.307423532	0.41906705
32	K	N	470	2	-0.229964818	0.166592807
32	K	Q	432	2	0.09843393	0.071828866
32	K	R	710	2	0.24921883	0.198646556
32	K	T	547	2	0.118786034	0.166998751
33	E	*	421	2	-1.462971349	0.72540817
33	E	A	542	2	-0.362577559	0.269960156
33	E	D	489.5	2	-0.01121232	0.16772038
33	E	E	376	2	0.282275855	0.187225103
33	E	G	422	2	-0.944338479	0.004455295
33	E	K	447	2	-0.412088921	0.130436619
33	E	Q	565	2	-0.265285716	0.36976973
33	E	V	380	2	-0.019770258	0.246776694
34	P	A	354	2	-0.14448556	0.081244728
34	P	H	644	2	-2.839964354	0.621743542
34	P	L	539	2	-1.867931438	0.387275788
34	P	P	492	2	-0.158493215	0.045905464
34	P	R	560	2	-2.043268183	0.006246878
34	P	S	329	2	-1.6239024	0.787631378
34	P	T	485	2	-1.184000476	0.258585609
35	V	A	470	2	-1.441762887	0.117534004
35	V	D	517	2	-2.398558825	0.264889397
35	V	F	578	2	-1.235528361	0.139400941
35	V	G	597	2	-2.111132312	0.521242724
35	V	I	338	2	-0.337374627	0.015479838
35	V	L	450	2	-0.784489927	0.07758876
35	V	V	375.3333333	2	-0.076129347	0.057851278
36	S	A	549	2	0.067965073	0.012872729
36	S	T	536	2	-0.094837458	0.197845438
37	T	A	538	2	0.114420378	0.011868837
37	T	I	491	2	-0.841830451	0.25338295
37	T	K	304	2	-2.49352324	0.866903164
37	T	P	429	2	-0.368808463	0.099511527
37	T	R	441	2	-2.485527396	0.099663008
37	T	S	422	2	-0.080738999	0.040204956
37	T	T	474.6666667	2	0.088328416	0.078938128
38	K	*	532	2	-2.213967312	0.26567151
38	K	E	488	2	-0.059168364	0.222353976
38	K	K	571	2	-0.290726688	0.139262382
38	K	M	465	2	-0.271030937	0.373743253
38	K	N	454.5	2	-0.079914055	0.054758909
38	K	Q	377	2	0.044227473	0.018254712
38	K	R	413	2	-0.187628557	0.215230546
38	K	T	578	2	0.038121998	0.153303168
39	C	*	469	2	-2.202541027	0.046045594
39	C	C	350	2	0.069271581	0.209044093
39	C	F	633	2	-2.320923141	0.367008269
39	C	G	378	2	-2.224219502	0.306557443
39	C	R	587	2	-2.403609049	0.82291273
39	C	S	523	2	-2.096839636	0.162326767
39	C	W	233	2	-2.534430214	0.539373886
39	C	Y	622	2	-2.658239614	0.256587307
40	D	A	402	2	-0.119215796	0.110772803
40	D	D	344	2	0.103513701	0.139966678
40	D	E	331.5	2	-0.068459157	0.104665157
40	D	G	553	2	0.197450868	0.014938937
40	D	H	372	2	-0.281112571	0.12452864
40	D	N	377	2	-0.080203363	0.336874875
40	D	V	657	2	-0.501412522	0.106173739
40	D	Y	453	2	-0.376938578	0.028207669
41	H	D	519	2	-2.141742736	0.374638501
41	H	H	378	2	-0.108913454	0.152406049
41	H	L	417	2	-1.775323475	0.148137367
41	H	N	477	2	-2.290756756	0.338527726
41	H	P	456	2	-2.559817026	0.011326872
41	H	Q	338.5	2	-2.276172351	0.29609997
41	H	R	608	2	-2.077957073	0.487147553
41	H	Y	450	2	-2.022331753	0.245097775
42	I	I	456	2	-0.114712748	0.021218618
42	I	K	603	2	-0.636488371	0.105737599
42	I	L	422.5	2	0.071849014	0.157486064
42	I	M	414	2	0.146633899	0.072597713
42	I	R	657	2	-0.550860609	0.035865225
42	I	T	714	2	-0.075750561	0.104026313
42	I	V	342	2	0.109884311	0.068401356
43	F	C	496	2	-0.768825627	0.320860217
43	F	F	385	2	0.087867558	0.044143582
43	F	I	534	2	-1.165814316	0.718168202
43	F	L	393	2	-1.313327047	0.172781838
43	F	S	603	2	-1.240995022	0.005542888
43	F	V	538	2	-1.038470474	0.441777353
43	F	Y	273	2	-0.221090145	0.082119145
44	C	*	572	2	-2.911555234	0.399166686
44	C	F	421	2	-2.542188515	0.198197015
44	C	G	373	2	-2.532168237	0.332125674
44	C	R	472	2	-2.197828124	0.55790775
44	C	S	416	2	-2.325847895	0.288406416
44	C	W	511	2	-2.307019781	0.468047172
44	C	Y	429	2	-2.397974078	0.217818489
45	K	*	576	2	-2.171966989	0.004994675
45	K	E	646	2	-0.634450234	0.255298462
45	K	I	604	2	-2.435805825	0.681915386
45	K	N	616	2	-0.464536707	0.328785772
45	K	Q	578	2	-0.267722267	0.202586193
45	K	R	574	2	-0.126505257	0.007407042
45	K	T	627	2	-0.698344352	0.278705318
46	F	C	907	2	0.138588779	0.102960772
46	F	F	656	2	-0.021505538	0.321948551
46	F	I	485	2	0.118018541	0.206061088
46	F	L	651	2	-0.308620342	0.097409719
46	F	S	368	2	0.242754196	0.093475827
46	F	V	591	2	-0.400503797	0.015661166
46	F	Y	672	2	-0.354796574	0.474215934
47	C	*	439	2	-2.149613686	0.523040118
47	C	C	440	2	-0.022871896	0.143671654
47	C	F	671	2	-1.960178757	0.020650605
47	C	G	854	2	-2.435887659	0.366053165
47	C	R	1004	2	-1.835296091	0.09647465
47	C	S	620.5	2	-1.413710502	0.303017494
47	C	W	375	2	-2.256689846	0.124156371
47	C	Y	483	2	-1.677983342	0.485545866
48	M	I	492	2	-0.00050358	0.410625872
48	M	K	584	2	-2.12489334	0.601207448
48	M	L	607.5	2	-0.315526829	0.108822236
48	M	R	553	2	-2.883956896	1.726460862
48	M	T	731	2	-0.063337847	0.329683394
48	M	V	735	2	-0.276021452	0.513572044
49	L	L	570.25	2	-0.208204708	0.244983264
49	L	M	704	2	-0.518552505	0.881827483
49	L	P	869	2	-1.624518585	0.188719055
49	L	Q	547	2	-0.319246701	0.453994851
49	L	R	1097	2	-0.696670079	1.064101302
49	L	V	1035	2	-0.873863088	0.392989397
50	K	*	625	2	-1.979432998	0.825907323
50	K	E	651	2	-0.591419464	0.286444759
50	K	I	459	2	0.126243712	0.197780683
50	K	K	391	2	0.043161146	0.03211741
50	K	N	506.5	2	-0.122508847	0.118073274
50	K	Q	735	2	-0.28948727	0.25125683
50	K	R	240	2	0.134461517	1.447517213
50	K	T	423	2	0.4397899	0.168033582
51	L	F	749	2	-0.145244781	0.027536508
51	L	H	536	2	0.024377681	0.247582235
51	L	I	818	2	-0.321300496	0.300578171
51	L	L	580.3333333	2	0.097391243	0.220303526
51	L	P	323	2	-1.332848332	0.008482471
51	L	R	670	2	-0.334968954	0.182119897
51	L	V	786	2	-0.459830957	0.381496024
52	L	F	586	2	-0.164703074	0.161866107
52	L	H	482	2	-1.017841257	0.300079839
52	L	I	339	2	-0.219703422	0.149917043
52	L	L	336.6666667	2	-0.366817206	0.061019044
52	L	P	648	2	-1.263547476	0.449699025
52	L	R	573	2	-1.10919469	0.255507082
52	L	V	589	2	-0.105063688	0.447962752
53	N	D	255	2	-0.52784335	1.089969355
53	N	H	362	2	0.006497211	0.048157881
53	N	I	396	2	-0.347808015	0.586498386
53	N	K	242.5	2	-0.518796766	0.287752104
53	N	N	268	2	-0.466477354	0.294749071
53	N	S	315	2	0.00786607	0.096885617
53	N	T	273	2	-0.761628844	0.502489704
53	N	Y	258	2	-0.347396709	0.340316024
54	Q	*	252	2	-2.410539191	0.069943834
54	Q	E	285	2	-0.31400165	0.364518975
54	Q	H	373	2	-0.081166553	0.188156207
54	Q	K	257	2	-0.620201371	0.817780257
54	Q	L	893	2	-0.159398533	0.157504772
54	Q	P	261	2	-0.475637296	0.478769173
54	Q	Q	377	2	-0.308065087	0.078928506
54	Q	R	356	2	-0.122193843	0.274957909
55	K	*	452	2	-2.172035629	0.262790328
55	K	E	541	2	0.038472736	0.262512906
55	K	K	380	2	0.000881687	0.14247046
55	K	M	461	2	-0.132292328	0.325555444
55	K	N	405	2	-0.129856716	0.043247657
55	K	Q	614	2	0.139050271	0.14821403
55	K	R	853	2	-0.04167302	0.010801415
55	K	T	516	2	0.113378349	0.318978031
56	K	*	233	2	-2.236877928	0.063210821
56	K	E	363	2	-0.093192678	0.110406876
56	K	I	280	2	0.141884635	0.073195566
56	K	K	415	2	-0.072888798	0.145688719
56	K	N	308.5	2	-0.138907041	0.074062471
56	K	Q	527	2	0.202923925	0.099166952
56	K	R	430	2	-0.076559116	0.162790305
56	K	T	318	2	-0.082811859	0.073826845
57	G	A	179	2	0.17074004	0.362002958
57	G	R	223	2	-0.067253305	0.391178286
57	G	V	238	2	0.052949158	0.008776249
58	P	A	600	2	-0.064303467	0.111386061
58	P	H	445	2	-1.468096573	0.271950255
58	P	L	510	2	0.03365898	0.178128322
58	P	P	485	2	0.061916875	0.082236839
58	P	R	453	2	0.191628628	0.429610555
58	P	T	686	2	-0.274594396	0.373959072
59	S	*	567	2	-2.652837542	0.511193173
59	S	A	403	2	0.122591621	0.121810635
59	S	L	376	2	-0.216694821	0.638279754
59	S	P	649	2	-0.111088433	0.230462779
59	S	S	607.3333333	2	0.132554568	0.097568416
59	S	T	457	2	-0.007698412	0.016945487
60	Q	*	372	2	-1.645275331	0.371242679
60	Q	E	315	2	0.074680886	0.045840007
60	Q	H	564.5	2	-0.325621736	0.096194556
60	Q	K	634	2	-0.343854367	0.289540202
60	Q	L	603	2	-0.040427194	0.072588307
60	Q	P	232	2	0.557264664	0.244735224
60	Q	Q	497	2	0.250657795	0.022172672
60	Q	R	566	2	0.175006539	0.022855119
61	C	*	428	2	-1.523534747	0.725344917
61	C	C	799	2	0.003100228	0.146340673
61	C	F	415	2	-1.937519013	0.327674072
61	C	G	684	2	-1.73834814	0.077884095
61	C	R	326	2	-1.327538227	0.267793015
61	C	S	438.5	2	-1.95315138	0.066731662
61	C	W	680	2	-2.512010638	0.834860248
61	C	Y	237	2	-1.488518298	0.850198956
62	P	A	282	2	-0.625469855	0.337041456
62	P	H	305	2	-0.753698183	0.350313502
62	P	L	370	2	-0.530946091	0.037875729
62	P	P	314	2	0.09872036	0.033629335
62	P	R	317	2	-0.73045277	0.269461671
62	P	S	319	2	-0.739621388	0.023241918
62	P	T	264	2	-1.067635152	0.047784938
63	L	*	412.5	2	-2.438477378	0.432701964
63	L	F	641.5	2	-0.389899537	0.416224448
63	L	I	258	2	0.393837055	0.240211721
63	L	L	386.5	2	0.233355209	0.07735724
63	L	S	443	2	0.049177735	0.142291563
63	L	V	364	2	0.081514189	0.280820237
64	C	*	542	2	-1.584349448	0.824944115
64	C	C	338	2	-0.065902402	0.105991907
64	C	F	491	2	-1.589460948	1.056699055
64	C	G	484	2	-1.951135261	0.580750684
64	C	R	685	2	-1.691115997	0.027383157
64	C	S	528.5	2	-2.706287725	0.147172832
64	C	W	693	2	-1.603799715	0.487789087
64	C	Y	501	2	-2.050298211	0.094315792
65	K	*	466	2	-1.916994148	0.588445866
65	K	E	887	2	-0.010400926	0.006597284
65	K	K	515	2	-0.011029099	0.089219987
65	K	M	551	2	0.195705359	0.153971848
65	K	N	629.5	2	-0.311799708	0.081046623
65	K	Q	502	2	0.20349991	0.005569884
65	K	R	504	2	0.186615868	0.10714968
65	K	T	777	2	-0.084730439	0.109867537
66	N	D	298	2	-0.117274998	0.026874377
66	N	H	439	2	0.144133798	0.569299195
66	N	I	295	2	0.354824788	0.130112167
66	N	K	464.5	2	0.193684324	0.06896558
66	N	N	464	2	0.191735962	0.130948028
66	N	S	382	2	0.020971639	0.156785389
66	N	T	405	2	0.157001708	0.34153236
66	N	Y	500	2	-1.769773114	0.259604299
67	D	A	608	2	0.134788633	0.16190416
67	D	D	634	2	0.283781641	0.051654946
67	D	E	349	2	0.081784409	0.025524198
67	D	G	627	2	0.045656839	0.141198685
67	D	H	503	2	-0.336806342	0.012548736
67	D	N	399	2	0.149696616	0.129477542
67	D	V	416	2	0.141412316	0.31948455
67	D	Y	536	2	-0.080995005	0.266261253
68	I	I	427.5	2	-0.089956555	0.100749129
68	I	K	424	2	-1.535420401	0.835175213
68	I	L	448	2	-0.007282911	0.012878182
68	I	M	519	2	0.122549116	0.053195402
68	I	R	370	2	-1.754848242	0.59227545
68	I	T	432	2	-0.318205182	0.440854626
68	I	V	470	2	0.061827305	0.129891693
69	T	A	326	2	-0.078479027	0.246108144
69	T	I	402	2	-0.002860962	0.358237653
69	T	N	430	2	0.153279184	0.09903517
69	T	P	544	2	-0.027454829	0.608193316
69	T	S	536	2	-0.041882764	0.261928635
69	T	T	478.6666667	2	0.0242009	0.063777258
70	K	*	624	2	-2.018377083	0.200838198
70	K	E	487	2	0.124200641	0.539743786
70	K	I	690	2	-0.101003659	0.141426025
70	K	N	482	2	-0.697048104	0.391860846
70	K	Q	532	2	-0.107747824	0.430817665
70	K	R	391	2	0.207178467	0.098100353
70	K	T	523	2	-0.301242803	0.149747669
71	R	G	499	2	-1.492717591	0.276214263
71	R	K	442	2	-2.149339119	0.009160743
71	R	M	328	2	-1.717736029	1.364570303
71	R	S	305.5	2	-2.444858267	0.433426328
71	R	T	895	2	-2.02887065	0.016406353
71	R	W	576	2	-1.820527181	0.546106612
72	S	C	287	2	-0.63904338	0.2190873
72	S	G	272	2	0.136704722	0.456873345
72	S	I	212	2	-1.013873924	1.14703987
72	S	N	183	2	-1.375164206	0.900427259
72	S	R	358	2	-0.636930696	0.315921521
72	S	S	250	2	0.415867159	0.032029539
72	S	T	317	2	0.143507754	0.290249487
73	L	L	296.5	2	-0.163736621	0.680743504
73	L	P	316	2	-0.652277127	0.64586688
73	L	Q	338	2	-1.944799939	0.330081317
73	L	R	392	2	-2.288564071	1.101479644
73	L	V	409	2	-0.652753445	0.423970443
74	Q	*	222	2	-2.356019825	0.509709439
74	Q	E	303	2	-0.672932131	1.33494544
74	Q	H	472	2	0.022160067	0.531208155
74	Q	K	268	2	-0.776106134	0.943411556
74	Q	L	343	2	-0.90038353	0.371582068
74	Q	P	324	2	-0.690148414	0.380483402
74	Q	R	348	2	-0.734980797	0.616679403
75	E	*	229	2	-2.177376599	0.553490208
75	E	A	174	2	0.542069101	0.492781886
75	E	D	354	2	-0.017679973	0.456764317
75	E	E	233	2	-0.059942675	0.644765338
75	E	G	282	2	-0.172499345	1.28105372
75	E	K	336	2	-0.192425399	0.032477278
75	E	Q	307	2	-0.972859689	0.608044273
76	S	C	346	2	0.569152615	0.399393843
76	S	G	231	2	0.844991186	0.226816191
76	S	I	234	2	-0.789885622	0.458752254
76	S	N	305	2	-0.041297887	0.094935307
76	S	R	311.5	2	-0.252363233	0.070173106
76	S	S	272	2	-0.115325522	0.544629049
76	S	T	290	2	-0.208435666	0.87853334
77	T	A	187	2	0.298169169	0.312260964
77	T	K	237	2	-0.224951976	0.037008318
77	T	M	251	2	-0.480636069	0.70886188
77	T	P	275	2	-0.631381944	0.183548168
77	T	R	303	2	-0.708556805	0.191952791
77	T	S	150	2	0.158595848	0.258859301
77	T	T	289.5	2	-0.752120725	0.009447576
78	R	*	350	2	-2.258520069	0.227940661
78	R	G	380	2	-0.511506312	0.293178017
78	R	I	279	2	-0.631862978	0.536791616
78	R	K	270	2	-0.59275878	0.82716712
78	R	R	295.5	2	-0.340075658	0.311436907
78	R	S	259.5	2	-0.181211653	0.285567976
78	R	T	287	2	-0.311143921	0.002164735
79	F	C	258	2	-0.194974239	1.132591623
79	F	F	205	2	-0.435869714	0.008823141
79	F	L	292.6666667	2	-0.257872593	0.306413843
79	F	S	262	2	-0.648302225	0.207405766
79	F	V	292	2	-0.682545606	0.676765374
79	F	Y	299	2	-0.129085695	0.248716779
80	S	C	302	2	-0.217631403	0.771677561
80	S	G	209	2	0.141974946	0.047668616
80	S	I	270	2	-1.408656287	0.481112341
80	S	N	284	2	-0.412347792	0.097530724
80	S	R	264.6666667	2	-0.694020508	0.279164872
80	S	S	249	2	-0.022196179	0.820518138
80	S	T	362	2	-0.068780385	0.814992104
81	Q	*	283	2	-1.295487192	0.058289501
81	Q	E	291	2	-0.964109618	0.53735565
81	Q	H	278.5	2	-1.089620277	0.926351391
81	Q	K	266	2	-0.0069177	1.134068664
81	Q	L	245	2	-0.372554914	0.047935489
81	Q	P	301	2	-0.637299099	1.316637873
81	Q	Q	200	2	0.664720742	0.914705241
81	Q	R	193	2	0.198078811	0.702304546
82	L	F	307	2	-1.799486366	0.069663511
82	L	H	289	2	-3.50091997	0.317432635
82	L	I	384	2	0.026348169	0.326143534
82	L	L	367.6666667	2	-0.320516974	0.332227848
82	L	P	349	2	-3.451790641	0.204912782
82	L	R	385	2	-2.50965929	0.464846621
82	L	V	365	2	-0.788895725	0.622412871
83	V	D	305	2	-2.378611977	0.920286811
83	V	F	309	2	-1.744361528	0.944933896
83	V	G	411	2	-0.020665491	0.302047611
83	V	I	287	2	-0.093432181	0.178883058
83	V	L	447	2	-0.51531348	0.217563957
83	V	V	329.3333333	2	0.066579602	0.042527632
84	E	*	319	2	-3.78174672	0.085405401
84	E	A	298	2	-0.436156513	0.38808488
84	E	D	283	2	-0.245195505	0.003637912
84	E	E	331	2	0.022958312	0.346027092
84	E	G	407	2	0.097700826	0.07558075
84	E	K	232	2	-1.415194053	1.385649087
84	E	Q	301	2	0.227577934	0.00472523
84	E	V	315	2	-1.578288971	0.20235353
85	E	*	439	2	-2.930665221	0.676342867
85	E	A	358	2	-0.437781654	0.150720765
85	E	D	412	2	-0.54972805	0.427826898
85	E	E	342	2	0.165827387	0.041856547
85	E	G	317	2	-1.455718827	0.380658218
85	E	K	250	2	-3.718221153	1.406445744
85	E	Q	357	2	0.596518164	0.130357338
85	E	V	350	2	-0.100970759	0.379975429
86	L	I	345	2	-0.19991755	0.156254613
86	L	L	363.25	2	-0.228316141	0.102071691
86	L	P	307	2	-1.996445663	0.708516646
86	L	Q	261	2	-0.563689705	1.019367937
86	L	R	278	2	-3.3301168	1.625914011
86	L	V	344	2	-0.605664748	0.705704177
87	L	*	382	2	-1.97791548	0.008743983
87	L	F	286.5	2	-1.165309946	0.557634062
87	L	L	351	2	-1.17329573	0.477732236
87	L	M	197	2	-0.436587615	0.707918801
87	L	S	408	2	0.003656997	0.049884336
87	L	V	304	2	-0.334476342	0.108276655
87	L	W	350	2	-0.218890292	0.50290215
88	K	*	215	2	-2.315372909	0.064851672
88	K	E	345	2	0.223227494	0.491858592
88	K	K	403	2	-0.555066745	0.36644099
88	K	N	340.5	2	-0.207723007	0.091656916
88	K	Q	348	2	-0.404258963	0.156224939
88	K	R	219	2	-0.194855837	0.718546046
88	K	T	274	2	-0.110824205	0.075119052
89	I	F	210	2	-0.315334501	0.017114035
89	I	I	255	2	0.082972983	0.551731648
89	I	L	435	2	-0.098323842	0.427920754
89	I	M	193	2	-0.275180331	0.052215393
89	I	N	311	2	-2.587206031	0.923375326
89	I	S	210	2	-0.768140526	0.418389894
89	I	T	229	2	0.53056219	0.790443576
89	I	V	308	2	-0.849261953	1.156322014
90	I	F	309	2	-0.225198812	0.166813231
90	I	I	333	2	-0.240194518	0.677906674
90	I	L	414	2	-0.68881955	0.370431559
90	I	M	483	2	-0.228945552	0.201397329
90	I	N	289	2	-1.134469042	1.253526951
90	I	S	450	2	-0.270302363	0.722140301
90	I	T	240	2	0.056908253	0.735266871
90	I	V	333	2	-0.072230598	0.035083238
91	C	*	276	2	-1.781887252	0.355065619
91	C	C	405	2	-0.607694465	0.80112625
91	C	F	310	2	-0.243291684	0.079627213
91	C	G	297	2	-0.716466545	1.000286815
91	C	R	270	2	-0.330071694	0.073038578
91	C	S	305.5	2	-0.433143624	0.457755633
91	C	W	317	2	-0.847753322	0.189184659
91	C	Y	310	2	0.036397735	0.004107933
92	A	A	229	2	-0.137364706	0.197834795
92	A	D	309	2	-2.081754201	1.105330092
92	A	G	328	2	-1.296073338	0.413046721
92	A	P	461	2	-3.043660469	0.680082566
92	A	S	231	2	-0.58067101	1.184482024
92	A	T	315	2	-2.262486719	0.511496046
92	A	V	329	2	-1.845833276	0.39058445
93	F	C	324	2	-1.152479942	0.259881378
93	F	F	328	2	-0.06630495	0.030357444
93	F	I	327	2	-0.675617638	0.348195594
93	F	L	309.6666667	2	-1.805815219	0.022782586
93	F	S	222	2	-1.420758273	0.746355378
93	F	V	365	2	0.137378498	0.388715042
93	F	Y	281	2	0.390097776	0.7221557
94	Q	*	419	2	-2.691567006	0.009752288
94	Q	E	398	2	-0.11430514	0.167099687
94	Q	H	297	2	-0.3436752	0.021660662
94	Q	K	309	2	-0.195956095	0.231897251
94	Q	L	379	2	-1.863558142	0.009491469
94	Q	P	255	2	-1.202904473	0.235672591
94	Q	Q	188	2	-0.508034386	0.286276617
94	Q	R	343	2	-0.001086415	0.176629196
95	L	F	324	2	-0.480312471	0.182452565
95	L	H	175	2	-0.353218079	0.042591987
95	L	I	284	2	-0.07921774	0.247368065
95	L	L	395.6666667	2	-0.156805478	0.248532485
95	L	P	397	2	-3.271296621	0.166353426
95	L	R	257	2	-0.202981727	0.343634288
95	L	V	386	2	-1.123790308	0.471934145
96	D	A	329	2	-3.070009359	0.070818812
96	D	D	352	2	-0.310482961	0.09783476
96	D	E	211.5	2	-3.655464444	0.748682607
96	D	G	239	2	-3.002432117	1.047919984
96	D	H	368	2	-2.562256457	0.553523728
96	D	N	241	2	-3.701162377	0.983123841
96	D	V	467	2	-2.743403466	0.052617759
96	D	Y	287	2	-3.544097805	0.056267259
97	T	A	301	2	-0.726820581	0.118857321
97	T	I	282	2	-1.040134488	0.033374581
97	T	K	328	2	-1.279120177	0.121733854
97	T	P	393	2	-2.517170851	0.90906545
97	T	R	341	2	-1.023823585	0.03072191
97	T	S	413	2	-0.334099778	0.136903046
97	T	T	269	2	-0.127568738	0.217177813
98	G	A	322	2	-0.389790135	0.329390157
98	G	C	366	2	-0.793166242	0.357631466
98	G	D	362	2	-0.390340916	0.157251103
98	G	G	258.6666667	2	-0.157288993	0.32935319
98	G	R	236	2	-0.378471486	0.34554794
98	G	S	272	2	-0.281335101	0.050492908
98	G	V	195	2	-1.329269094	0.422162483
99	L	L	230	2	-0.222150725	0.058864451
99	L	V	263	2	-0.276943466	0.064929459
100	E	*	303	2	-1.950960324	1.231572077
100	E	D	330	2	-0.36935187	0.122542825
101	Y	D	228	2	-0.385585877	0.805309098
101	Y	N	286	2	-0.674152759	0.072860361