UniProtID	asa	psipred	pfam	gnomad	polyphen	sift	provean	provean_sift
Q92610	0	0	1	1	1	0	0	0
Q96CU9	0	1	1	1	1	1	1	0
Q30201	1	1	1	1	1	0	0	0
Q9P2L0	0	1	1	1	1	0	0	0
Q86XE5	1	1	1	1	1	1	1	0
O95876	0	1	1	1	1	1	1	0
Q9ULP9	0	1	1	1	1	0	0	0
Q9NQH7	1	1	1	1	1	1	1	0
P03999	0	1	1	1	1	1	1	0
P06132	1	1	1	1	1	1	1	0
Q07864	1	1	1	1	1	1	1	0
P42166	0	0	1	1	1	1	1	0
O60706	0	1	1	1	1	0	0	0
Q96M96	0	1	1	1	1	1	1	0
Q99959	1	1	1	1	1	1	1	0
Q8IXS2	0	1	1	1	1	0	0	0
Q9UQD0	0	1	1	1	1	1	1	0
P37023	1	1	1	1	1	1	1	0
P11802	1	0	1	1	1	1	1	0
Q8TAM1	0	1	1	1	1	1	1	0
P28472	1	0	1	1	1	0	0	0
P68032	0	1	1	1	1	0	1	0
Q7Z699	1	1	1	1	1	1	1	0
Q96JI7	0	1	1	1	1	1	1	0
Q8WXU2	0	1	1	1	1	1	1	0
P09493	1	1	1	1	1	0	0	0
O43541	0	1	1	1	1	1	1	0
P84022	1	1	1	1	1	0	0	0
Q9Y3Q4	1	1	1	1	1	1	1	0
Q9NVI1	0	1	1	1	1	0	0	0
P54098	1	1	1	1	1	0	0	0
P54132	1	1	1	1	1	1	1	0
Q9NWW5	0	1	1	1	1	1	1	0
O14647	0	1	1	1	1	1	1	0
Q99732	0	1	1	1	1	1	1	0
P49815	0	1	1	1	1	1	1	0
Q92889	1	1	1	1	1	1	1	0
Q9UPM8	0	1	1	1	1	1	1	0
Q86YC2	1	0	1	1	1	1	1	0
Q7Z6L0	0	1	1	1	1	0	0	0
Q8IY92	1	1	1	1	1	1	1	0
Q13286	0	1	1	1	1	0	0	0
Q96RK4	0	1	1	1	1	1	1	0
P09471	1	1	1	1	1	1	1	0
P12830	1	1	1	1	1	0	0	0
Q9GZN7	1	0	1	1	1	1	1	0
Q68CZ1	0	1	1	1	1	0	0	0
P49588	1	1	1	1	1	1	1	0
Q7L5A8	0	1	1	1	1	1	1	0
Q9NZC7	0	1	1	1	1	0	0	0
Q8NEP3	0	1	1	1	1	1	1	0
Q9UQ90	1	1	1	1	1	1	1	0
O15360	0	1	1	1	1	1	1	0
Q01726	0	1	1	1	1	1	1	0
Q12879	1	1	1	1	1	0	0	0
Q9BQ52	0	1	1	1	1	1	1	0
Q8NFG4	1	1	1	1	1	1	1	0
Q9BXC9	0	1	1	1	1	1	1	0
O75771	0	0	1	1	1	0	0	0
Q969G3	0	1	1	1	1	1	1	0
P14923	1	1	1	1	1	0	0	0
P38398	1	1	1	0	1	0	0	0
O15273	1	1	1	1	1	1	1	0
Q86SG6	0	1	1	1	1	1	1	0
Q8IW40	0	1	1	1	1	0	0	0
O43502	0	0	1	1	1	1	1	0
O14653	1	1	1	1	1	0	0	0
Q9NVS9	1	1	1	1	1	1	1	0
Q01453	0	1	1	1	1	0	0	0
P10644	1	1	1	1	1	0	0	0
P63252	0	1	1	1	1	0	0	0
P04637	1	1	1	1	1	0	0	0
Q4G0X9	0	1	1	1	1	0	0	0
Q9HD47	0	0	1	1	1	1	1	0
A6NFN3	0	0	1	1	1	0	0	0
O94989	0	1	1	1	1	0	0	0
Q2NKJ3	1	1	1	1	1	1	1	0
P52179	1	1	1	1	1	0	0	0
Q02487	1	1	1	1	1	0	0	0
Q92908	0	1	1	1	1	1	1	0
P02766	1	1	1	1	1	1	1	0
Q13485	1	1	1	1	1	0	0	0
Q14126	1	1	1	1	1	1	1	0
P50570	0	1	1	1	1	0	0	0
P01130	1	1	1	1	1	0	0	0
A5D8V7	0	1	0	1	1	1	1	0
Q15831	1	1	1	1	1	1	1	0
Q96L12	0	1	1	1	1	1	1	0
P27539	0	1	1	1	1	1	1	0
P49715	0	1	1	1	1	1	1	0
Q9H9S5	0	1	1	1	1	0	0	0
Q96M63	0	1	0	1	1	1	1	0
Q9BXM0	1	1	0	1	1	0	0	0
Q8TD43	1	1	1	1	1	1	1	0
Q71SY5	0	1	1	1	1	1	1	0
Q96T60	1	1	1	1	1	1	1	0
P28340	0	1	1	1	1	1	1	0
Q9H1R3	1	1	1	1	1	0	0	0
Q9BR39	0	1	1	1	1	0	0	0
O95528	0	1	1	1	1	1	1	0
P43681	1	1	1	1	1	1	1	0
O43526	1	1	1	1	1	0	0	0
Q9NQ66	0	0	1	1	1	1	1	0
P57076	0	1	1	1	1	1	1	0
P15382	0	1	1	1	1	0	0	0
P36507	1	1	1	1	1	1	1	0
P35520	1	1	1	1	1	0	0	1
Q8WYR4	0	1	1	1	1	1	1	0
P13637	0	1	1	1	1	1	1	0
Q12824	1	1	1	1	1	1	1	0
O75298	0	1	1	1	1	1	1	0
Q9NNW7	0	1	1	1	1	1	1	0
O96017	1	1	1	1	1	0	0	0
P35240	1	1	1	1	1	0	0	0
O75140	1	1	1	1	1	0	0	0
P30566	1	1	1	1	1	0	0	0
Q8TAB3	0	1	1	1	1	0	0	0
P51793	0	1	1	1	1	1	1	0
P60201	1	1	1	1	1	0	0	0
O60687	0	1	1	1	1	1	1	0
P13473	1	1	1	1	1	1	1	0
P51654	0	1	1	1	1	1	1	0
P19429	1	1	1	1	1	1	1	0
O75665	0	1	1	1	1	1	1	0
Q92581	0	0	1	1	1	0	0	0
Q9NPJ1	0	1	1	1	1	0	0	0
Q8NB91	0	1	0	1	1	0	0	0
Q13424	0	0	1	1	1	1	1	0
P48029	0	1	1	1	1	1	1	0
O76039	1	1	1	1	1	0	0	0
P15976	0	1	1	1	1	1	1	0
Q93074	0	1	1	1	1	1	1	0
P08034	1	1	1	1	1	0	0	0
P06280	1	1	1	1	1	1	1	0
Q9NP73	0	1	1	1	1	0	0	0
O95831	1	1	1	1	1	1	1	0
P51608	1	1	1	1	1	1	1	0
Q16635	0	1	1	1	1	0	0	0
Q96QS3	0	1	1	1	1	1	1	0
P36021	0	1	1	1	1	0	0	0
O43511	0	1	1	1	1	1	1	0
Q9UBP0	1	1	1	1	1	1	1	0
P42345	1	1	1	1	1	1	1	0
Q92574	1	1	1	1	1	0	0	0
Q99575	0	0	1	1	1	0	0	0
Q9ULL8	0	1	1	1	1	0	0	0
Q9ULC3	0	0	1	1	1	0	0	0
P36543	0	0	1	1	1	1	1	0
Q9Y462	0	0	1	1	1	0	0	0
Q9UHG0	0	1	1	1	1	0	0	0
P38606	0	0	1	1	1	1	1	0
Q9BT40	0	0	1	1	1	0	0	0
Q92736	1	1	1	1	1	1	1	0
Q8NA29	0	0	1	1	1	1	1	0
Q14055	1	1	1	1	1	1	1	0
Q9Y4U1	1	1	1	1	1	1	1	0
Q0ZGT2	0	1	1	1	1	0	0	0
P49792	1	1	1	1	1	1	1	0
P28331	1	1	1	1	1	0	0	0
Q9HC10	0	1	1	1	1	1	1	0
P08100	1	1	1	1	1	1	1	0
Q96IV0	1	0	1	1	1	1	1	0
Q6ZNJ1	0	1	1	1	1	1	1	0
Q8N4S9	1	1	1	1	1	1	1	0
Q8WXG9	0	1	1	1	1	1	1	0
P10589	0	1	1	1	1	1	1	0
Q5VTD9	0	0	1	1	1	0	0	0
Q8TDI8	0	1	1	1	1	0	0	0
Q96QU1	1	1	1	0	1	1	1	0
Q86TC9	0	1	1	1	1	0	0	0
Q9H251	1	1	1	1	1	0	0	0
P18206	1	1	1	1	1	1	1	0
O75443	0	1	1	1	1	0	0	0
Q6ZRI0	0	1	1	1	1	0	0	0
Q7LDG7	1	1	1	1	1	0	0	0
Q14839	1	1	1	1	1	1	1	0
Q7RTU9	0	1	0	1	1	1	1	0
Q9UKN7	0	1	1	1	1	1	1	0
P08514	1	1	1	1	1	1	1	0
P07359	1	1	1	1	1	1	1	0
Q15833	1	1	1	1	1	1	1	0
Q969N2	0	1	1	1	1	0	0	0
Q14721	0	1	1	1	1	1	1	0
Q96NR3	0	0	1	1	1	1	1	0
P12107	0	1	1	1	1	0	0	0
O75381	1	0	1	1	1	1	1	0
P16389	0	1	1	1	1	0	0	0
Q6UX65	0	0	1	1	1	0	0	0
Q9UK17	1	1	1	1	1	0	0	0
P01111	1	1	1	1	1	1	1	0
O14958	1	1	1	1	1	1	1	0
Q02809	0	1	1	1	1	1	1	0
Q04721	1	1	1	1	1	1	1	0
O95140	0	1	1	1	1	0	0	0
Q96L58	0	1	1	1	1	1	1	0
Q7Z3K3	1	0	1	1	1	1	1	0
P06753	0	1	1	1	1	0	0	0
Q99895	1	1	1	1	1	1	1	0
P17787	1	1	1	1	1	1	1	0
P04062	1	1	1	1	1	0	0	0
Q92963	1	1	1	1	1	0	0	0
Q8NCW5	0	1	1	1	1	1	1	0
P50993	0	1	1	1	1	1	1	0
Q96NY8	1	1	1	1	1	1	1	0
P50336	1	1	1	1	1	0	0	0
P25189	1	1	1	1	1	0	0	0
P21912	0	1	1	1	1	1	1	0
Q6PI48	1	1	1	1	1	1	1	0
P62873	1	1	1	1	1	1	1	0
P82279	1	1	1	1	1	0	0	0
Q15058	0	0	1	1	1	1	1	0
Q13698	1	1	1	1	1	1	1	0
Q02246	1	0	1	1	1	1	1	0
O14896	0	1	1	1	1	1	1	0
O95259	1	1	1	1	1	1	1	0
P61812	1	0	1	1	1	0	0	0
P98160	1	1	1	1	1	1	1	0
P60953	1	1	1	1	1	0	0	0
Q96F81	0	1	1	1	1	1	1	0
Q14739	0	1	1	1	1	0	0	0
O00292	0	1	1	1	1	1	1	0
P49810	0	1	1	1	1	1	1	0
Q8NI60	1	1	1	1	1	0	0	0
Q5T442	0	1	1	1	1	1	1	0
P68133	0	1	1	1	1	0	1	0
P12755	1	1	1	1	1	1	1	0
Q8NCR0	0	1	1	1	1	0	0	0
Q99698	0	1	1	1	1	0	0	0
P14543	0	0	1	1	1	1	1	0
P35609	1	1	1	1	1	1	1	0
P07954	1	1	1	1	1	1	1	0
Q9Y243	1	1	1	1	1	0	0	0
Q00839	0	0	1	1	1	0	0	0
Q96P20	1	1	1	1	1	0	0	0
Q9NZV5	0	1	0	1	1	1	1	0
Q9NUD9	0	1	1	1	1	0	0	0
Q9HAZ2	1	1	1	1	1	1	1	0
P54577	1	1	1	1	1	1	1	0
O75712	0	1	1	1	1	0	0	0
P50897	1	1	1	1	1	0	0	0
P56696	1	1	1	1	1	1	1	0
P11166	1	1	1	1	1	1	1	0
P07357	1	1	1	1	1	1	1	0
P36871	1	1	1	1	1	0	0	0
Q9Y6Y1	1	0	1	1	1	1	1	0
Q16518	0	1	1	1	1	1	1	0
Q9P2R6	0	1	1	1	1	0	0	0
P78363	0	1	1	1	1	1	1	0
O00329	1	1	1	1	1	1	1	0
P35573	0	1	1	1	1	0	0	0
Q9UNE0	0	1	0	1	1	1	1	0
Q8IYA6	0	1	1	1	1	1	1	0
P10070	0	1	1	1	1	0	0	0
O00499	1	1	1	1	1	0	0	0
P0CG37	0	1	1	1	1	1	1	0
Q15042	0	0	1	0	1	1	1	0
O60315	0	1	1	1	1	0	0	0
Q9P267	0	1	1	1	1	1	1	0
O00305	0	1	1	1	1	0	0	0
Q99250	1	1	1	1	1	0	0	0
P15882	1	1	1	1	1	0	0	0
P05997	0	1	1	1	1	1	1	0
P42224	1	1	1	1	1	0	0	0
Q96GW9	0	1	1	1	1	1	1	0
Q9UPW6	0	1	1	1	1	0	0	0
Q96Q45	0	0	1	1	1	0	0	0
Q99728	1	1	1	1	1	1	1	0
Q86UK0	0	1	1	1	1	1	1	0
Q9Y276	0	1	1	1	1	0	0	0
Q9GZT5	0	1	1	1	1	1	1	0
Q9H9Q4	1	1	1	1	1	1	1	0
P17661	0	1	1	1	1	1	1	0
Q15772	1	1	1	1	1	1	1	0
O75147	1	1	1	1	1	0	0	0
P23760	1	1	1	1	1	0	0	0
P53420	0	1	1	1	1	1	1	0
Q01955	0	1	1	1	1	1	1	0
Q9BZV2	0	1	1	1	1	0	0	0
Q8IYB7	0	1	1	1	1	0	0	0
Q07001	0	1	1	1	1	1	1	0
P07510	0	1	1	1	1	0	0	0
P22309	0	1	1	1	1	1	1	0
P12111	1	1	1	1	1	1	1	0
P56524	1	1	1	1	1	1	1	0
Q12756	1	1	1	1	1	1	1	0
Q9Y6K1	1	1	1	1	1	0	0	0
P55084	1	1	1	1	1	1	1	0
P27708	1	1	1	1	1	1	1	0
P39210	0	1	1	1	1	0	0	0
Q9UG01	0	1	1	1	1	1	1	0
Q9UM73	1	1	1	1	1	1	1	0
Q9NPP4	0	1	1	1	1	0	0	0
Q7L592	0	0	1	1	1	1	1	0
Q07889	1	1	1	1	1	0	0	0
P42704	0	1	1	1	1	1	1	0
P43246	1	1	1	1	1	1	1	0
P52701	1	1	1	1	1	1	1	0
P22888	0	1	1	1	1	1	1	0
P35716	0	1	1	1	1	1	1	0
Q9UMS0	0	1	1	1	1	0	0	0
O95630	1	1	1	1	1	0	0	0
Q16854	1	1	1	1	1	1	1	0
Q14203	1	1	1	1	1	1	1	0
P53597	1	1	1	1	1	1	1	0
O95602	0	1	1	1	1	1	1	0
O75643	1	1	1	1	1	1	1	0
P43403	1	1	1	1	1	1	1	0
P40337	1	1	1	1	1	0	1	0
P30531	0	1	1	1	1	1	1	0
Q9HC78	0	1	1	1	1	0	0	0
Q2M1Z3	0	0	1	1	1	1	1	0
Q15746	1	1	1	1	1	0	0	0
Q96N76	0	0	1	1	1	1	1	0
Q9H845	0	1	1	1	1	1	1	0
P98194	0	0	1	1	1	0	0	0
P09001	1	1	1	1	1	1	1	0
Q7Z494	1	1	1	1	1	1	1	0
P05166	0	1	1	1	1	1	1	0
Q9Y215	1	1	0	1	1	0	0	0
O00400	0	1	1	1	1	0	0	0
P43251	0	1	1	1	1	1	1	0
Q9BZK7	1	1	1	1	1	0	0	0
P42336	1	1	1	1	1	1	1	0
Q96RQ3	0	1	1	1	1	1	1	0
Q13144	1	1	1	1	1	1	1	0
Q9H3D4	1	1	1	1	1	1	1	0
Q9Y5I7	0	1	1	1	1	1	1	0
O60313	0	1	1	1	1	0	0	0
Q8N335	1	1	1	1	1	1	1	0
P40692	1	1	1	1	1	1	1	0
Q14524	1	1	1	0	1	1	1	0
Q9UI33	0	1	1	1	1	0	0	0
P35222	1	1	1	1	1	0	0	0
Q2TBA0	1	1	1	1	1	1	1	0
Q8NAT1	0	1	1	1	1	0	0	0
Q8NBK3	1	1	1	1	1	1	1	0
Q9BYW2	1	1	1	1	1	1	1	0
Q02388	0	1	1	1	1	1	1	0
P47897	1	1	1	1	1	1	1	0
O75369	1	1	1	1	1	1	1	0
Q9H334	0	1	1	0	1	0	0	0
Q3SXY8	0	1	1	1	1	0	0	0
Q9C0A6	0	0	1	1	1	0	0	0
P35475	1	1	1	1	1	1	1	0
Q9C0K1	0	1	1	1	1	0	0	0
P29371	0	1	1	1	1	1	1	0
Q4G0J3	1	0	1	1	1	0	0	0
Q01484	1	1	1	1	1	1	1	0
Q9NPC6	0	1	1	1	1	1	1	0
Q8NB90	0	1	1	1	1	1	1	0
Q6V0I7	0	1	1	1	1	0	0	0
Q8NHS3	0	1	1	1	1	1	1	0
Q9P2K1	0	1	1	1	1	0	0	0
Q16134	0	1	1	1	1	0	0	0
Q96PY6	1	0	1	1	1	1	1	0
Q53GG5	0	1	1	1	1	1	1	0
O96028	1	0	1	1	1	0	0	0
Q9HD40	1	1	1	1	1	1	1	0
Q18PE1	0	1	1	1	1	1	1	0
Q8NEZ3	0	1	1	1	1	1	1	0
O43766	0	1	1	1	1	0	0	0
P29973	0	1	1	1	1	0	0	0
Q5H8A4	0	1	1	1	1	0	0	0
Q9H8P0	0	0	1	1	1	1	1	0
Q66GS9	1	1	0	1	1	1	1	0
Q86UK5	0	1	1	1	1	0	0	0
O76024	0	1	0	1	1	0	0	0
P30968	0	1	1	1	1	1	1	0
Q14108	1	1	1	1	1	1	1	0
O14979	0	1	1	1	1	0	0	0
Q9NZW4	0	1	0	1	1	0	0	0
Q13563	1	1	1	1	1	1	1	0
O00238	1	1	1	1	1	0	0	0
Q96AG3	0	1	1	1	1	1	1	0
Q8NI36	0	1	1	1	1	0	0	0
P25054	1	1	1	1	1	0	0	0
Q8N960	1	1	1	1	1	0	0	0
P49419	1	1	1	1	1	1	1	0
Q96KG7	0	1	1	1	1	0	0	0
O14746	1	1	1	1	1	1	1	0
P35556	0	1	1	1	1	0	0	0
O76082	0	1	1	1	1	1	1	0
Q9UH77	1	1	1	1	1	1	1	0
Q9H173	0	1	0	1	1	0	0	0
Q00577	0	1	1	1	1	1	1	0
O60610	0	0	1	1	1	0	0	0
Q01959	0	1	1	1	1	0	0	0
Q9P2J5	1	1	1	1	1	0	0	0
Q9NQ38	0	1	1	1	1	1	1	0
Q8TF17	0	1	1	1	1	0	0	0
P16499	0	1	1	1	1	1	1	0
P07333	1	1	1	1	1	1	1	0
P09619	1	1	1	1	1	1	1	0
P47870	0	0	1	1	1	0	0	0
P14867	0	1	1	1	1	0	0	0
P18507	0	1	1	1	1	0	0	0
Q9H6L5	0	1	0	1	1	1	1	0
P54136	1	1	1	1	1	1	1	0
Q96L73	1	1	1	1	1	0	0	0
Q9UJV9	1	0	1	1	1	1	1	0
Q9UBV7	1	1	1	1	1	1	1	0
O95450	0	0	1	1	1	1	1	0
Q13501	1	1	1	1	1	0	0	0
P31040	0	1	1	1	1	1	1	0
Q6KC79	0	1	1	1	1	1	1	0
Q9H799	0	1	1	1	1	0	0	0
Q08J23	0	1	1	1	1	1	1	0
P07686	1	1	1	1	1	1	1	0
P20936	1	1	1	1	1	1	1	0
Q06413	0	1	1	1	1	0	0	0
P81133	0	1	1	1	1	0	0	0
Q92562	0	1	1	1	1	1	1	0
P17302	0	1	1	1	1	1	1	0
P05305	1	1	1	1	1	1	1	0
Q13061	0	1	1	1	1	0	0	0
P05089	1	1	1	1	1	0	0	0
P22413	0	1	1	1	1	1	1	0
Q8N157	1	1	1	1	1	0	0	0
P31629	0	0	1	1	1	0	0	0
Q96JX3	0	1	0	1	1	0	0	0
P51649	1	1	1	1	1	0	0	0
Q13885	0	1	1	1	1	0	1	0
P22105	0	1	1	1	1	0	0	0
Q9BVA1	0	1	1	1	1	0	1	0
Q96PV0	0	1	1	1	1	0	0	0
Q14738	0	1	1	1	1	0	0	0
Q14999	0	1	1	1	1	1	1	0
Q13950	0	1	1	1	1	0	0	0
P22033	1	1	1	1	1	1	1	0
P20849	1	1	1	1	1	0	0	0
Q99715	0	1	1	1	1	1	1	0
P15924	1	1	1	1	1	1	1	0
Q8WWQ0	1	0	1	1	1	1	1	0
Q5T160	0	1	1	1	1	1	1	0
O60568	0	1	1	1	1	1	1	0
P78509	0	1	1	1	1	0	0	0
P09622	1	1	1	1	1	0	0	0
Q14315	1	1	1	1	1	1	1	0
Q9Y5L0	1	1	1	1	1	1	1	0
P08172	1	0	1	1	1	0	0	0
P15056	1	1	1	1	1	1	1	0
Q9H3S4	1	1	1	1	1	1	1	1
Q9UHC6	0	0	1	1	1	1	1	0
Q12809	1	1	1	1	1	1	1	0
Q9UGJ0	0	1	1	1	1	1	1	0
Q8NEZ4	1	1	1	1	1	1	1	0
O43543	0	0	1	1	1	1	1	0
P50219	0	1	1	1	1	1	1	0
A4D126	1	1	1	1	1	0	0	0
Q8IXL6	1	1	1	1	1	1	1	0
Q9BXL7	1	1	1	1	1	1	1	0
P41250	1	1	1	1	1	1	1	0
Q8TA86	0	1	0	1	1	1	1	0
Q14004	1	1	1	1	1	1	1	0
P10071	1	1	1	1	1	1	1	0
P35557	1	1	1	1	1	0	0	0
Q9BSQ5	1	1	1	1	1	1	1	0
P60709	1	1	1	1	1	0	1	0
P54278	1	1	1	1	1	1	1	0
Q96MP8	0	1	1	0	1	0	0	0
Q9Y3A5	1	1	1	1	1	1	1	0
Q8WXX7	0	0	1	1	1	1	1	0
P04792	1	1	1	1	1	1	1	0
O15041	0	1	1	1	1	1	1	0
Q5K651	0	1	1	1	1	1	1	0
P08123	1	1	1	1	1	1	1	0
O43556	0	1	1	0	1	1	1	0
Q15166	0	0	1	1	1	1	1	0
P08243	0	1	1	1	1	0	0	0
P43694	0	1	1	1	1	1	1	0
Q16394	0	1	1	1	1	1	1	0
Q12768	0	1	1	1	1	1	1	0
Q96QB1	1	0	1	1	1	1	1	0
O43525	1	1	1	1	1	1	1	0
P01266	0	1	1	1	1	1	1	0
Q92597	0	0	1	1	1	0	0	0
P15538	0	1	1	1	1	1	1	0
O75907	0	0	1	1	1	0	0	0
Q9HAB3	0	1	1	1	1	0	0	0
O75593	1	0	1	1	1	1	1	0
Q9UBY8	0	1	1	1	1	1	1	0
A6NCS4	0	1	1	1	1	1	1	0
Q15822	1	1	1	1	1	0	0	0
P11362	1	1	1	1	1	0	0	0
Q92794	1	0	1	1	1	0	0	0
O14920	1	0	1	1	1	0	0	0
Q08357	0	1	1	1	1	0	0	0
P78527	1	1	1	1	1	0	0	0
P56715	0	1	1	1	1	1	1	0
Q9P2D1	0	1	1	1	1	1	1	0
Q8N4T0	0	1	1	1	1	1	1	0
Q8TB36	0	1	1	1	1	1	1	0
Q9NQW8	0	1	1	1	1	1	1	0
O60934	1	1	1	1	1	1	1	0
O75072	0	1	1	1	1	1	1	0
Q96SN8	0	1	1	1	1	1	1	0
Q13285	1	1	1	1	1	1	1	0
P17643	1	1	1	1	1	1	1	0
Q6UWE0	0	1	1	1	1	0	0	0
Q05193	1	1	1	1	1	0	0	0
Q53GS7	1	1	1	1	1	1	1	0
Q9Y6N6	0	1	1	1	1	1	1	0
P20908	0	1	1	1	1	1	1	0
P46531	1	1	1	1	1	1	1	0
Q05586	1	1	1	1	1	0	0	0
Q9H9B1	1	1	1	1	1	0	0	0
P51531	1	1	1	1	1	0	0	0
P42771	1	1	0	1	1	1	1	0
P98155	1	1	1	1	1	0	0	0
O95786	1	1	1	1	1	1	1	0
Q8NF50	0	1	1	1	1	0	0	0
P55072	1	1	1	1	1	1	1	0
Q8TEQ8	0	1	1	1	1	0	0	0
P20594	0	1	1	1	1	1	1	0
P23378	0	1	1	1	1	1	1	0
P09467	1	1	1	1	1	0	0	0
Q00597	0	1	1	1	1	0	0	0
P36897	1	1	1	1	1	0	0	0
Q96RR1	0	1	1	1	1	1	1	0
Q00653	1	1	1	1	1	0	0	0
Q9H8M5	1	1	1	1	1	0	0	0
Q9UQE7	0	1	1	1	1	1	1	0
O95817	0	1	1	1	1	1	1	0
P21802	1	1	1	1	1	0	0	0
P30084	1	1	1	1	1	1	1	0
Q96SD1	1	1	1	1	1	0	0	0
O60494	1	1	1	1	1	1	1	0
O76041	1	1	1	1	1	1	1	0
Q9BTA9	0	0	1	1	1	0	0	0
Q9NVV4	1	1	1	1	1	1	1	0
P07949	1	1	1	1	1	0	0	0
Q9UK05	1	1	1	1	1	0	0	0
Q03468	1	1	1	1	1	1	1	0
Q12955	1	0	1	1	1	1	1	0
P51530	1	1	1	0	1	1	1	0
P19367	1	0	1	1	1	0	0	0
Q96S42	1	1	1	1	1	1	1	0
P07602	1	0	1	1	1	1	1	0
Q8WYB5	1	1	1	1	1	1	1	0
Q00266	1	1	1	1	1	1	1	0
Q96JP9	0	0	1	1	1	0	0	0
P47804	0	0	1	1	1	0	0	0
P36894	1	1	1	1	1	1	1	0
P60484	1	1	1	1	1	1	1	0
P62736	0	1	1	1	1	0	0	0
O95970	1	1	1	1	1	0	0	0
P54886	1	1	1	1	1	0	0	0
Q6NUS6	0	1	1	0	1	0	0	0
Q13315	0	1	1	1	1	0	0	0
P10515	1	1	1	1	1	1	1	0
O14521	0	1	1	1	1	1	1	0
Q9UPV0	0	1	0	1	1	1	1	0
Q8IWT1	1	1	1	1	1	1	1	0
P04234	1	0	1	1	1	1	1	0
P08397	1	1	1	1	1	1	1	0
P22681	1	1	1	1	1	1	1	0
Q96C86	1	0	1	1	1	1	1	0
P48544	0	1	1	1	1	0	0	0
Q9UKU7	1	1	1	1	1	1	1	0
Q8WVX9	0	1	1	1	1	1	1	0
Q6VVX0	1	1	1	1	1	1	1	0
P07339	1	1	1	1	1	1	1	0
P50461	0	1	1	1	1	0	0	0
P07101	1	1	1	1	1	0	0	0
Q75V66	0	1	1	1	1	1	1	0
P51787	1	1	1	1	1	1	1	0
P55895	0	1	1	1	1	1	1	0
Q8WXG6	0	0	1	1	1	1	1	0
Q14896	1	1	1	1	1	1	1	0
O75489	1	1	1	1	1	1	1	0
P05155	1	1	1	1	1	1	1	0
Q92989	0	0	1	1	1	0	0	0
O76090	0	1	1	1	1	1	1	0
Q96G97	0	1	1	1	1	0	0	0
P11217	1	1	1	1	1	1	1	0
O75398	1	1	1	1	1	1	1	0
Q8TDP1	1	1	1	1	1	1	1	0
O95967	0	1	1	1	1	0	0	0
Q13418	1	0	1	1	1	0	0	0
O14773	1	1	1	1	1	1	1	0
O43505	0	0	1	1	1	1	1	0
P49821	1	1	1	1	1	1	1	0
O75197	0	1	1	1	1	1	1	0
P38935	1	1	1	1	1	1	1	0
Q9UBM7	0	1	1	1	1	0	0	0
P15328	1	0	1	1	1	0	0	0
Q9H078	0	1	1	1	1	1	1	0
P37837	1	1	1	1	1	1	1	0
Q13402	1	1	1	1	1	0	0	0
Q96I59	0	1	1	1	1	1	1	0
Q9H936	0	1	1	1	1	0	0	0
Q9ULV1	1	1	1	1	1	1	1	0
P14679	0	1	1	1	1	1	1	0
Q13614	1	1	1	1	1	1	1	0
Q86WG5	0	0	1	1	1	1	1	0
P00439	1	1	1	1	1	1	1	0
Q9NW08	0	1	1	1	1	1	1	0
Q96EY8	1	1	1	1	1	1	1	0
Q03426	1	1	1	1	1	1	1	0
Q9HBA0	1	1	1	1	1	0	0	0
P16615	0	1	1	1	1	0	0	0
P10916	1	1	1	1	1	1	1	0
Q71F56	0	1	1	1	1	1	1	0
P16219	1	1	1	1	1	1	1	0
P20823	1	1	1	0	1	0	0	0
Q9H3J6	0	0	1	1	1	0	0	0
Q9Y487	0	1	1	1	1	1	1	0
Q13224	1	1	1	1	1	0	0	0
Q7Z3S7	0	1	1	1	1	1	1	0
P54840	0	1	1	1	1	1	1	0
O00429	1	1	1	1	1	0	0	0
Q12860	1	1	1	1	1	0	0	0
Q96MT3	0	1	1	1	1	0	0	0
Q16795	1	1	1	1	1	1	1	0
P02458	1	1	1	1	1	0	0	0
P08237	1	1	1	1	1	0	0	0
O14686	1	1	1	1	1	1	1	0
Q09470	0	1	1	1	1	1	1	0
Q71U36	1	1	1	1	1	1	1	0
P02538	0	1	1	1	1	1	1	0
P13647	1	1	1	1	1	1	1	0
P35908	0	1	1	1	1	1	1	0
P56192	1	1	1	1	1	1	1	0
Q12840	0	1	1	1	1	1	1	0
Q9Y2B1	0	1	0	1	1	1	1	0
P15586	0	1	1	1	1	1	1	0
P50542	1	1	1	1	1	0	0	0
Q9NR23	0	1	1	1	1	1	1	0
P23409	0	0	1	1	1	1	1	0
O15078	0	1	1	1	1	0	0	0
Q8IU89	0	1	1	1	1	0	0	0
Q9UJ55	0	1	1	0	1	1	1	0
Q04671	0	1	1	1	1	0	0	0
O95714	1	1	1	1	1	1	1	0
Q7Z4N2	0	1	1	1	1	0	0	0
Q8NG31	1	1	0	1	1	1	1	0
P20807	1	1	1	1	1	0	0	0
Q6IQ55	0	0	1	1	1	1	1	0
Q96P56	0	0	1	1	1	1	1	0
Q9NRD8	0	1	1	1	1	0	0	0
P50440	1	1	0	1	1	1	1	0
P51159	0	1	1	1	1	0	0	0
Q96DP5	0	1	1	1	1	0	0	0
C9JR72	0	1	1	1	1	1	1	0
Q9Y5X4	1	1	1	0	1	0	0	0
P06865	1	1	1	1	1	1	1	0
Q96ST3	0	0	1	1	1	0	0	0
O43586	0	1	1	1	1	1	1	0
P32297	1	0	1	1	1	0	0	0
Q96L96	0	0	1	1	1	1	1	0
Q2M1P5	1	1	1	1	1	1	1	0
O95180	0	1	1	1	1	1	1	0
P51798	0	1	1	1	1	1	1	0
O95453	1	1	1	1	1	0	0	0
Q9Y4R8	1	1	1	1	1	1	1	0
P35749	0	1	1	1	1	1	1	0
P07911	1	1	1	1	1	0	0	0
O14983	0	0	1	1	1	1	1	0
P15391	1	1	0	1	1	1	1	0
P04075	1	1	1	1	1	0	0	0
P31146	0	1	1	1	1	0	0	0
Q6ZRS2	0	0	1	1	1	1	1	0
P35637	1	1	1	1	1	1	1	0
Q12931	1	1	1	1	1	1	1	0
Q92793	1	1	1	1	1	1	1	0
Q2M1K9	0	1	1	1	1	0	0	0
Q9NSC2	0	1	1	1	1	1	1	0
Q14028	0	1	1	1	1	1	1	0
O00142	0	1	1	1	1	0	0	0
P22223	1	1	1	1	1	1	1	0
A2IDD5	0	1	1	1	1	1	1	0
P16885	1	1	1	1	1	0	0	0
O95822	1	1	1	1	1	1	1	0
Q02556	0	1	1	1	1	1	1	0
P80404	0	1	1	1	1	0	0	0
O15305	1	1	1	1	1	1	1	0
Q92508	0	1	1	1	1	1	1	0
Q4G176	0	1	1	1	1	0	0	0
P55291	0	1	1	1	1	1	1	0
Q6UB99	0	1	1	1	1	0	0	0
Q9HD42	1	0	1	1	1	1	1	0
Q13509	1	1	1	1	1	0	0	0
Q9UKX2	0	1	1	1	1	0	0	0
P11055	0	1	1	1	1	0	0	0
Q12887	0	1	1	1	1	1	1	0
Q9Y2B2	0	0	1	1	1	1	1	0
Q6P2Q9	1	1	1	1	1	1	1	0
O60931	0	1	1	1	1	1	1	0
P35680	1	1	1	1	1	0	0	0
P08779	0	1	1	1	1	1	1	0
Q96AY3	0	1	1	1	1	0	0	0
P40763	1	1	1	1	1	1	1	0
Q8N159	1	1	1	1	1	1	1	0
Q15029	1	1	1	1	1	0	0	0
Q04844	0	1	1	1	1	1	1	0
O43896	1	1	1	1	1	1	1	0
Q16586	0	1	1	1	1	1	1	0
O43497	0	1	1	1	1	0	0	0
Q13253	1	1	1	1	1	1	1	0
P12821	1	1	1	1	1	0	0	0
Q9BSH4	0	1	1	1	1	1	1	0
P35499	0	1	1	1	1	1	1	0
Q86YT5	0	1	1	1	1	1	1	0
P48436	1	1	1	1	1	1	1	0
P49748	1	1	1	1	1	0	0	0
P11230	0	1	1	1	1	1	1	0
P10253	1	1	1	1	1	0	0	0
Q02846	0	1	1	1	1	1	1	0
Q9BXL6	0	1	1	1	1	1	1	0
O75342	0	1	1	1	1	1	1	0
Q9BYJ1	0	1	1	1	1	0	0	0
Q9BTW9	0	1	1	1	1	1	1	0
Q9H5I5	0	1	1	1	1	1	1	0
P38405	0	1	1	1	1	0	0	0
Q9Y4W6	0	1	1	1	1	1	1	0
Q86YT6	1	1	1	1	1	1	1	0
O15118	1	1	1	1	1	1	1	0
Q92539	0	1	1	1	1	1	1	0
Q9Y4J8	0	1	1	0	1	0	0	0
Q6UXH8	0	1	1	1	1	1	1	0
O95427	0	1	1	1	1	0	0	0
Q86VV8	0	1	1	1	1	1	1	0
Q92947	1	1	1	1	1	1	1	0
O75251	1	1	1	1	1	1	1	0
Q9UM47	1	1	1	1	1	1	1	0
P52333	1	1	1	1	1	0	0	0
P49747	1	1	1	1	1	1	1	0
Q07699	0	1	1	1	1	1	1	0
P21817	0	1	1	1	1	0	0	0
Q9NP81	0	0	1	1	1	1	1	0
P39019	1	1	1	1	1	0	0	0
Q2WEN9	0	1	1	1	1	1	1	0
P53680	0	1	1	1	1	1	1	0
Q14003	0	1	1	1	1	1	1	0
P59046	1	1	1	1	1	1	1	0
P36776	1	1	1	1	1	1	1	0
Q9UL51	1	0	1	1	1	1	1	0
P04350	0	1	1	1	1	0	0	0
P06213	1	1	1	1	1	1	1	0
P08246	1	1	1	1	1	1	1	0
P78504	1	1	1	1	1	1	1	0
Q15437	0	1	1	1	1	0	0	0
Q8WYP3	0	1	1	1	1	1	1	0
P15863	0	0	1	1	1	1	1	0
P01185	0	1	1	1	1	1	1	0
Q9BY32	1	0	1	1	1	1	1	0
Q9UBC3	1	1	1	1	1	0	0	0
P48637	1	1	1	1	1	1	1	0
P68400	1	1	1	1	1	0	0	0
Q9Y6D5	1	0	1	1	1	1	1	0
Q9UJQ4	0	1	1	1	1	1	1	0
O14662	0	1	1	1	1	0	0	0
P63092	1	1	1	0	1	0	0	0
O15230	1	0	1	1	1	1	1	0
Q9BWX5	0	0	1	1	1	0	0	0
Q14050	1	1	1	1	1	1	1	0
Q05639	1	1	1	1	1	0	0	0
O95500	0	1	1	1	1	0	0	0
Q13627	1	0	1	1	1	0	0	0
P48051	0	1	1	0	1	0	0	0
P12109	0	1	1	1	1	1	1	0
P12110	0	1	1	1	1	1	1	0
Q9NZK5	1	1	1	1	1	0	0	0
P53675	0	0	1	1	1	0	0	0
Q8N653	0	1	1	1	1	1	1	0
Q9Y6X9	1	1	1	1	1	0	0	0
O95461	0	1	1	1	1	0	0	0
P35579	1	1	1	1	1	1	1	0
O60733	0	1	1	1	1	1	1	0
Q09472	1	1	1	1	1	1	1	0
Q99798	0	1	1	1	1	1	1	0
O75648	0	1	1	1	1	1	1	0
Q9NYQ6	0	1	1	1	1	1	1	0
Q9Y259	1	0	1	1	1	1	1	0
Q9BYB0	0	1	1	0	1	0	0	0
Q06187	1	1	1	1	1	1	1	0
O15344	0	1	1	1	1	0	0	0
Q9UJ90	0	1	1	1	1	1	1	0
P50052	1	1	1	1	1	1	1	0
Q9BZI7	1	1	1	1	1	1	1	0
O15541	0	0	1	1	1	1	1	0
Q13620	1	1	1	1	1	0	0	0
Q01968	1	1	1	1	1	0	0	0
Q9Y397	0	1	1	1	1	0	0	0
Q8IWS0	1	1	1	1	1	0	0	0
P29965	1	1	1	1	1	1	1	0
Q15052	0	0	1	1	1	1	1	0
O60481	0	1	1	1	1	1	1	0
P51816	0	1	1	1	1	0	0	0
P22304	1	1	1	1	1	1	1	0
Q13496	0	1	1	1	1	1	1	0
P37287	0	1	1	1	1	1	1	0
P33897	0	1	1	1	1	1	1	0
P32004	0	1	1	1	1	0	0	0
P41227	1	1	1	1	1	0	0	0
P51610	1	1	1	1	1	1	1	0
P50402	1	1	1	1	1	1	1	0
P31150	0	1	1	1	1	1	1	1
Q9Y6K9	1	1	1	1	1	0	0	0
O60832	0	1	1	1	1	1	1	0
O15537	1	1	1	1	1	1	1	0
P46019	0	1	1	1	1	1	1	0
P08559	1	1	1	1	1	0	0	0
P51812	1	1	1	1	1	1	1	0
Q8WXI2	1	0	1	1	1	0	0	0
P52788	1	1	1	1	1	0	0	0
P78562	0	1	1	1	1	1	1	0
Q86TM3	1	0	1	1	1	1	1	0
Q93008	1	1	1	1	1	1	1	0
O15550	1	1	1	1	1	1	1	0
O75695	1	1	1	1	1	1	1	0
Q00536	1	0	1	1	1	0	0	0
Q9H237	0	1	1	1	1	0	0	0
P42768	1	1	1	1	1	1	1	0
O60840	0	1	1	1	1	0	0	0
O60826	0	1	1	1	1	1	1	0
Q9BZS1	1	1	1	1	1	0	0	0
P41229	1	1	1	1	1	0	0	0
Q99714	1	1	1	1	1	1	1	0
Q7Z6Z7	1	1	1	1	1	0	0	0
Q8N0W4	1	0	1	1	1	0	0	0
Q9NQZ6	0	1	1	1	1	0	0	0
P10275	1	1	1	0	1	1	1	0
O60890	0	1	1	1	1	1	1	0
Q92838	1	1	1	1	1	0	0	0
Q92796	1	0	1	1	1	0	0	0
P31785	1	1	1	1	1	1	1	0
P46020	0	1	1	1	1	0	0	0
P08842	1	1	1	1	1	1	1	0
Q5QGS0	0	0	1	1	1	0	0	0
P24311	0	1	1	1	1	1	1	0
P23352	0	1	1	1	1	1	1	0
O75127	0	0	1	0	1	1	1	0
P00450	1	1	1	1	1	1	1	0
P06858	0	1	1	1	1	1	1	0
Q9Y223	1	1	1	1	1	0	0	0
Q01543	1	1	1	0	1	0	0	0
Q9HAN9	1	1	1	1	1	0	0	0
Q9NQ11	0	1	1	1	1	1	1	0
Q9HCU4	0	0	1	1	1	1	1	0
P54868	1	0	1	1	1	1	1	0
Q9BW92	0	1	1	1	1	0	0	0
Q9H3S1	0	1	1	1	1	0	0	0
Q5T7V8	0	1	1	1	1	0	0	0
O15151	1	0	1	1	1	1	1	0
P51160	1	1	1	1	1	1	1	0
Q7Z418	0	0	1	1	1	1	1	0
O00330	1	1	1	1	1	1	1	0
Q9UBX1	1	1	1	1	1	1	1	0
O15484	0	1	1	1	1	0	0	0
Q8IZU9	0	1	1	1	1	1	1	0
Q92781	0	1	1	1	1	0	0	0
Q9UHD2	1	1	1	1	1	1	1	0
Q7RTP0	0	1	1	1	1	1	1	0
P48735	1	1	1	1	1	1	1	0
Q96RY7	0	1	0	1	1	0	0	0
Q5JPH6	0	1	1	1	1	0	0	0
Q15911	0	0	1	1	1	1	1	0
Q9NZN9	1	1	1	1	1	0	0	0
Q7Z5J4	0	1	1	1	1	1	1	0
Q6ZMT1	1	0	1	1	1	1	1	0
P14136	0	1	1	1	1	0	0	0
P10636	1	1	1	1	1	1	1	0
Q9UHN1	1	1	1	1	1	1	1	0
Q86XA0	0	0	1	1	1	1	1	0
Q9UHD8	1	0	1	1	1	0	0	0
P07237	1	1	1	1	1	1	1	0
Q9Y6X0	0	1	0	1	1	1	1	0
Q6NT55	0	1	1	1	1	1	1	0
P42701	0	1	1	1	1	0	0	0
P05129	1	1	1	1	1	1	1	0
O75923	1	1	1	1	1	1	1	0
Q16281	1	1	1	1	1	0	0	0
Q9BYX4	1	1	1	1	1	0	0	0
O95342	0	1	1	1	1	1	1	0
P98164	0	1	1	1	1	1	1	0
P02708	1	1	1	1	1	1	1	0
P28358	0	1	1	1	1	1	1	0
Q9BZ23	1	1	1	1	1	1	1	0
Q9Y3Z3	1	1	1	1	1	1	1	0
O43822	0	1	0	1	1	0	0	0
Q9NY65	0	1	1	1	1	0	0	0
P16278	1	1	1	1	1	0	0	0
Q9BQS8	1	1	1	1	1	1	1	0
Q8NFM7	0	1	1	1	1	1	1	0
O95622	0	1	1	1	1	0	0	0
A6NMZ7	0	0	1	1	1	1	1	0
Q13535	1	1	1	1	1	1	1	0
Q07912	1	1	1	1	1	0	0	0
O43490	0	1	1	1	1	0	0	0
Q3MUY2	0	1	1	1	1	1	1	0
P55157	0	1	1	1	1	0	0	0
Q6ZW61	0	1	1	1	1	0	0	0
O95237	0	1	1	1	1	0	0	0
Q14517	0	0	1	1	1	1	1	0
Q9UI17	1	1	1	1	1	1	1	0
P49773	1	1	1	1	1	1	1	0
P12081	1	1	1	1	1	0	0	0
P05549	0	0	1	1	1	0	0	0
Q5ST30	0	0	1	1	1	0	0	0
O15160	0	1	1	1	1	0	0	0
Q86UR5	0	1	1	1	1	0	0	0
P56589	1	1	1	1	1	1	1	0
O95278	1	1	1	1	1	1	1	0
O60260	1	1	1	1	1	0	0	0
P31321	1	0	1	1	1	0	0	0
O60443	0	1	1	1	1	0	0	0
P31269	0	0	1	1	1	1	1	0
P07942	1	1	1	1	1	1	1	0
Q9NVV9	1	1	1	1	1	1	1	0
Q7Z7G8	0	1	1	1	1	0	0	0
Q9Y6M9	1	1	1	1	1	1	1	0
Q5H8C1	0	1	1	1	1	0	0	0
P24821	1	1	1	1	1	1	1	0
Q13049	1	1	1	1	1	0	0	0
Q5IJ48	1	1	1	1	1	0	0	0
P17813	1	0	1	1	1	0	0	0
Q96EX3	0	1	1	1	1	1	1	0
Q9UKM7	1	1	1	1	1	1	1	0
Q00975	0	1	1	1	1	0	0	0
Q14CM0	1	1	1	1	1	1	1	0
P04839	1	1	1	1	1	1	1	0
Q9UHD9	1	1	1	1	1	1	1	0
Q9Y4W2	0	0	1	1	1	0	0	0
Q9UJV3	0	1	1	1	1	1	1	0
Q96QT4	0	0	1	1	1	1	1	0
Q12934	0	1	1	1	1	0	0	0
Q9H082	0	1	1	1	1	1	1	0
Q9UHX1	1	1	1	1	1	0	0	0
Q13393	0	0	1	1	1	1	1	0
Q9Y2Z4	1	1	1	1	1	1	1	0
P55789	1	1	1	1	1	1	1	0
O00204	1	0	1	1	1	1	1	0
Q01433	1	1	1	1	1	0	0	0
P02545	1	1	1	1	1	0	0	0
Q9H3S5	0	0	1	1	1	1	1	0
P78508	0	1	1	1	1	1	1	0
P31415	1	1	1	1	1	1	1	0
P31513	0	1	1	1	1	0	0	0
Q8IZT6	0	1	1	1	1	0	0	0
Q8N9I0	0	1	1	1	1	0	0	0
Q13751	0	1	1	1	1	0	0	0
Q9Y5Y0	0	1	1	1	1	1	1	0
Q9H2M9	0	1	1	1	1	1	1	0
Q5T440	0	1	1	1	1	1	1	0
O14497	0	1	1	1	1	1	1	0
Q5TGY3	0	1	1	1	1	0	0	0
Q32P28	0	1	1	1	1	0	0	0
Q9NR50	1	1	1	1	1	1	1	0
Q13461	0	1	1	1	1	1	1	0
O75161	0	1	0	1	1	1	1	0
Q14192	0	1	1	1	1	0	0	0
Q06710	0	1	1	1	1	0	0	0
A2RRP1	0	1	1	1	1	1	1	0
Q96Q42	0	1	1	1	1	1	1	0
Q9NZC9	1	1	1	1	1	0	0	0
O95343	0	1	1	1	1	1	1	0
Q8TCS8	1	1	1	1	1	0	0	0
P63267	0	1	1	1	1	0	0	0
P31153	1	0	1	1	1	1	1	0
P04049	1	1	1	1	1	1	1	0
Q8IVB4	0	0	1	1	1	1	1	0
Q96RP9	0	1	1	1	1	0	0	0
P11168	0	1	1	1	1	1	1	0
Q92685	0	1	1	1	1	1	1	0
P51788	0	1	1	1	1	1	1	0
O95936	0	1	1	1	1	1	1	0
P37173	1	1	1	1	1	1	1	0
P08590	1	1	0	1	1	0	0	0
P63316	1	1	1	1	1	1	1	0
P36551	1	1	1	1	1	1	1	0
P20933	1	1	1	1	1	1	1	0
A8MXD5	0	1	1	1	1	1	1	0
O43424	1	0	1	1	1	1	1	0
Q8TE73	0	1	1	1	1	1	1	0
P50443	0	1	1	1	1	1	1	0
P52848	1	1	1	1	1	1	1	0
A1X283	0	1	1	1	1	1	1	0
P52952	1	1	1	1	1	1	1	0
P43003	1	1	1	1	1	1	1	0
Q12948	0	1	1	1	1	1	1	0
Q6VVB1	0	1	1	1	1	1	1	0
P07437	1	1	1	1	1	0	0	0
O00294	1	1	1	1	1	1	1	0
Q9NUN5	0	1	1	1	1	0	0	0
P21953	1	1	1	1	1	0	0	0
O95935	0	1	1	1	1	1	1	0
P13569	1	1	1	1	1	1	1	0
Q15465	1	1	1	1	1	1	1	0
O75190	0	1	1	1	1	1	1	0
Q15672	1	1	1	1	1	1	1	0
Q6PJG6	1	1	1	1	1	1	1	0
P31270	0	0	1	1	1	1	1	0
Q9NWM8	1	0	1	1	1	1	1	0
Q02643	1	1	1	1	1	1	1	0
P04424	1	1	1	1	1	0	0	0
P78347	0	0	1	1	1	0	0	0
O75881	0	1	1	1	1	1	1	0
Q330K2	0	1	1	1	1	1	1	0
O95163	1	1	1	1	1	1	1	0
Q9UPQ8	0	1	0	1	1	1	1	0
P00966	1	1	1	1	1	0	0	0
Q7Z333	0	1	1	1	1	1	1	0
Q9NRR6	1	1	1	1	1	1	1	0
Q9P2J3	0	0	1	1	1	1	1	0
P42772	0	0	0	1	1	1	1	0
P07951	0	1	1	1	1	1	1	0
Q9UBQ7	1	1	1	1	1	1	1	0
Q9NQT5	1	1	1	1	1	1	1	0
O15269	0	1	1	1	1	1	1	0
Q69YN2	0	0	1	1	1	0	0	0
P10745	0	1	1	1	1	0	0	0
O75112	1	1	1	1	1	0	0	0
Q9P212	1	1	1	1	1	0	0	0
P07766	1	0	1	1	1	1	1	0
Q9NY72	1	1	1	1	1	0	0	0
P00338	1	1	1	1	1	0	0	0
O94766	1	1	1	1	1	1	1	0
Q96JQ0	0	1	1	1	1	1	1	0
P11498	1	1	1	1	1	0	0	0
P11487	0	1	1	1	1	0	0	0
P55916	0	1	1	1	1	1	1	0
Q53FT3	1	0	1	1	1	1	1	0
Q99593	1	1	1	1	1	0	0	0
Q9GZV9	1	1	1	1	1	1	1	0
P78385	0	1	1	1	1	1	1	0
Q00973	0	1	1	1	1	1	1	0
Q9UHW9	0	0	1	1	1	0	0	0
Q8NCH0	0	1	1	1	1	1	1	0
P23284	1	1	1	1	1	1	1	0
P23975	0	0	1	1	1	0	0	0
Q9H2C0	1	1	1	1	1	0	0	0
Q7Z7B1	0	1	1	1	1	0	0	0
Q96FM1	0	1	1	1	1	1	1	0
Q13057	0	1	1	1	1	0	0	0
P22748	1	1	1	1	1	1	1	0
Q96MK3	1	1	1	1	1	0	0	0
P32322	1	1	1	1	1	1	1	0
P29597	1	1	1	1	1	0	0	0
Q14353	1	1	0	1	1	1	1	0
Q9UMN6	1	1	1	1	1	1	1	0
Q96IS3	0	1	1	1	1	0	0	0
Q9NYJ7	0	1	1	1	1	1	1	0
Q7Z406	1	0	1	1	1	0	0	0
Q9BSV6	0	1	1	1	1	0	0	0
Q9GZU1	1	1	1	1	1	1	1	0
Q9NPF0	1	1	1	1	1	1	1	0
Q9H2P0	0	1	1	1	1	0	0	0
P19971	1	1	1	1	1	0	0	0
O43462	0	1	1	1	1	1	1	0
O15488	1	1	1	1	1	0	0	0
P51690	0	1	1	1	1	1	1	0
P00480	1	1	1	1	1	1	1	0
P98175	0	0	1	1	1	0	0	0
P22314	1	1	1	1	1	0	0	0
O43307	0	1	1	1	1	1	1	0
Q86TP1	0	0	1	1	1	1	1	0
P16233	1	0	1	1	1	1	1	0
P53673	1	1	1	1	1	1	1	0
P62140	0	1	1	1	1	0	0	0
Q9HCE0	0	0	0	1	1	1	1	0
Q9NRG9	0	1	1	1	1	1	1	0
P53674	1	0	1	1	1	1	1	0
P48165	0	1	1	1	1	1	1	0
Q15233	1	0	1	1	1	0	0	0
Q9Y586	0	0	1	1	1	1	1	0
Q06136	0	0	1	1	1	0	0	0
Q9UPZ3	0	1	0	1	1	1	1	0
P36382	0	1	1	1	1	0	0	0
O60939	1	1	1	1	1	1	1	0
Q9Y6J6	0	1	1	1	1	1	1	0
Q13422	0	1	1	1	1	1	1	0
P61457	0	1	1	1	1	1	1	0
Q13635	0	1	1	1	1	1	1	0
Q99643	0	1	1	1	1	0	0	0
P21359	1	1	1	1	1	0	0	0
Q99808	0	0	1	1	1	0	0	0
P11182	1	1	1	1	1	1	1	0
Q9NRW7	0	1	1	1	1	0	0	0
P01008	1	1	1	1	1	1	1	0
P15104	1	1	1	1	1	0	0	0
Q6P1J9	1	1	1	1	1	1	1	0
P05186	0	1	1	1	1	0	0	0
Q96C36	0	1	1	1	1	1	1	0
Q9H2C2	0	0	1	1	1	1	1	0
Q9NZ56	1	1	1	1	1	1	1	0
Q86SQ7	0	1	1	1	1	1	1	0
Q15468	1	1	1	1	1	1	1	0
P23786	0	1	1	1	1	1	1	0
P07202	0	1	1	1	1	1	1	0
P04198	1	1	1	1	1	1	1	0
Q92626	0	1	1	1	1	1	1	0
Q6NVY1	1	1	1	1	1	1	1	0
O43676	1	0	1	1	1	0	0	0
P40939	1	1	1	1	1	1	1	0
Q9ULT0	0	0	1	1	1	1	1	0
O75718	0	1	0	1	1	1	1	0
Q02224	1	1	1	1	1	1	1	0
Q8IWZ6	0	1	0	1	1	1	1	0
P03951	1	1	1	1	1	0	0	0
Q13316	0	1	1	1	1	0	0	0
Q9UQB3	0	0	1	1	1	1	1	0
P51659	1	1	1	1	1	1	1	0
P49590	0	0	1	1	1	1	1	0
Q0D2K0	0	1	1	1	1	1	1	0
P27986	1	1	1	1	1	0	0	0
Q16625	1	1	1	1	1	0	0	0
Q13591	0	0	1	1	1	1	1	0
Q6PGP7	0	1	1	1	1	1	1	0
O00628	0	1	1	1	1	1	1	0
Q5T6L9	0	1	1	1	1	0	0	0
P28062	1	0	1	1	1	0	0	0
P38936	1	1	1	1	1	0	0	0
P08F94	0	1	1	1	1	0	0	0
O95363	1	1	1	1	1	0	0	0
Q9UKA2	0	1	1	1	1	0	0	0
Q9UP52	0	1	1	1	1	0	0	0
Q9NUX5	1	0	1	1	1	1	1	0
Q9BYI3	1	1	1	1	1	0	0	0
O00522	1	1	1	1	1	0	0	0
Q7LG56	1	1	1	1	1	1	1	0
O60216	1	1	1	1	1	1	1	0
P21281	0	1	1	1	1	1	1	0
O94830	0	1	1	1	1	0	0	0
P48651	0	1	1	1	1	1	1	0
Q5BKX8	0	1	1	1	1	1	1	0
Q9H4Q4	1	0	1	1	1	1	1	0
Q4KMQ1	0	1	1	1	1	1	1	0
P07902	1	1	1	1	1	1	1	0
P43005	0	1	1	1	1	1	1	0
P23025	1	1	1	1	1	1	1	0
O14832	1	1	1	1	1	1	1	0
P11161	0	1	1	1	1	0	0	0
P24752	1	1	1	1	1	1	1	0
Q9H3H5	1	1	1	1	1	0	0	0
P48788	1	1	1	1	1	0	0	0
P01112	1	1	1	1	1	0	0	0
Q9NPI0	0	1	1	1	1	1	1	0
O00217	1	1	1	1	1	1	1	0
Q7Z3V4	0	1	1	1	1	0	0	0
Q96D31	1	1	1	1	1	0	0	0
P04259	0	1	1	1	1	1	1	0
P47895	1	1	1	1	1	1	1	0
Q8IWV7	1	1	1	1	1	1	1	0
O43548	0	1	1	1	1	1	1	0
Q1HG44	0	1	1	1	1	1	1	0
P34949	0	1	1	1	1	0	0	0
P16930	0	1	1	1	1	0	0	0
P12271	1	1	1	1	1	1	1	0
P08069	1	1	1	1	1	1	1	0
P22695	1	1	1	1	1	1	1	0
Q96QK1	1	1	1	1	1	1	1	0
P49711	1	0	1	1	1	1	1	0
Q4G0P3	0	1	1	1	1	0	0	0
Q8N5M1	0	1	1	1	1	1	1	0
P43034	0	1	1	1	1	1	1	0
P45381	1	1	1	1	1	0	0	0
P0C7P3	0	1	1	1	1	1	1	0
Q7Z6J9	0	1	1	1	1	1	1	0
Q70J99	0	1	1	1	1	1	1	0
P51688	1	1	1	1	1	1	1	0
Q9Y6Q6	1	1	1	1	1	1	1	0
P21731	0	0	1	1	1	1	1	0
P18074	1	1	1	1	1	1	1	0
Q9H6K4	0	1	1	1	1	1	1	0
P02792	1	1	1	1	1	1	1	0
P13807	0	0	1	1	1	0	0	0
P01024	1	1	1	1	1	1	1	0
O60762	0	1	1	1	1	1	1	0
Q9H3Z4	0	1	1	1	1	1	1	0
Q9NQ40	0	1	1	1	1	1	1	0
O43918	1	1	1	1	1	1	1	0
O95613	0	1	1	1	1	1	1	0
Q9UBR1	0	1	1	1	1	1	1	0
P43320	1	1	1	1	1	1	1	0
Q9H2D6	0	1	1	1	1	0	0	0
P17050	1	1	1	1	1	0	0	0
P00387	1	1	1	1	1	1	1	0
P60891	1	1	1	1	1	0	0	0
P49459	0	1	1	1	1	1	1	0
P00492	1	1	1	1	1	1	1	0
Q16720	0	1	1	1	1	0	0	0
P30518	0	1	1	1	1	0	0	0
O75787	1	0	1	1	1	0	0	0
P21397	1	1	1	1	1	1	1	0
P51795	1	1	1	1	1	0	0	0
Q9BY41	1	1	1	1	1	0	0	0
Q9NVW2	0	0	1	1	1	1	1	0
Q9GZR5	0	1	1	1	1	1	1	0
P38571	0	1	1	1	1	0	0	0
O75530	1	0	1	1	1	1	1	0
Q15022	1	0	1	1	1	1	1	0
P38646	1	1	1	1	1	1	1	0
P03372	1	1	1	1	1	0	0	0
O15553	1	1	1	1	1	1	1	0
Q13233	0	1	1	1	1	1	1	0
P48728	1	1	1	1	1	1	1	0
O60500	1	1	1	1	1	0	0	0
Q8NDM7	0	0	0	1	1	1	1	0
Q8IZQ1	1	0	1	1	1	1	1	0
P04626	1	1	1	1	1	1	1	0
Q9NRA2	0	1	1	1	1	1	1	0
P01116	1	1	1	1	1	1	1	0
Q15031	0	1	1	1	1	0	0	0
P61764	0	0	1	1	1	1	1	0
Q15326	1	1	1	1	1	0	0	0
P35711	0	0	1	1	1	0	0	0
Q15842	0	1	1	1	1	0	0	0
Q9UET6	0	1	1	1	1	0	0	0
Q9NR82	1	0	1	0	1	0	0	0
Q53GD3	0	0	1	1	1	0	0	0
Q8TDJ6	0	0	1	1	1	1	1	0
Q8NBP7	1	1	1	1	1	1	1	0
O75376	1	0	1	1	1	1	1	0
P08174	1	0	1	1	1	0	0	0
Q9NVI7	0	0	1	1	1	1	1	0
P29317	1	1	1	1	1	1	1	0
P11047	1	0	1	1	1	1	1	0
Q9BXM7	0	1	1	1	1	1	1	0
Q99707	1	1	1	1	1	1	1	0
Q99062	1	1	1	1	1	0	0	0
Q9Y6C5	0	1	1	1	1	1	1	0
Q7L3T8	0	1	1	1	1	1	1	0
Q8WZ55	0	1	1	1	1	1	1	0
Q9H582	0	1	1	1	1	0	0	0
O43683	1	1	1	1	1	1	1	0
Q12866	1	1	1	1	1	0	0	0
Q7Z4L5	0	1	1	1	1	1	1	0
P35498	0	1	1	1	1	0	0	0
P16410	1	1	1	1	1	0	0	0
Q8N2C7	0	0	1	1	1	0	0	0
Q8N490	0	1	1	1	1	0	0	0
Q8N465	0	1	1	1	1	1	1	0
Q9NR63	0	1	1	1	1	1	1	0
Q92734	0	1	1	1	1	0	0	0
Q8NCE0	0	0	1	1	1	0	0	0
Q8NBT0	0	0	1	1	1	1	1	0
Q0VAK6	0	0	1	1	1	0	0	0
P50851	1	1	1	1	1	1	1	0
P09417	1	1	1	1	1	1	1	0
P22607	1	1	1	1	1	0	0	0
P43243	0	1	1	1	1	0	0	0
Q13428	0	0	1	1	1	0	0	0
P29120	0	1	1	1	1	1	1	0
Q9NYJ8	1	1	1	1	1	0	0	0
Q9H944	0	0	1	1	1	1	1	0
Q9UMX6	0	0	1	1	1	1	1	0
Q5JVL4	0	1	1	1	1	1	1	0
Q9P032	0	1	1	1	1	1	1	0
Q9BYV8	0	1	1	1	1	1	1	0
Q96DT5	0	1	1	1	1	0	0	0
Q9UMR3	0	1	1	1	1	1	1	0
P15259	0	1	1	1	1	1	1	0
Q8IVG5	0	0	0	1	1	0	0	0
Q9H5K3	0	1	1	1	1	1	1	0
O15146	0	1	1	1	1	0	0	0
P06396	1	0	1	1	1	0	0	0
Q9NS56	0	0	1	1	1	1	1	0
Q9HCG7	0	1	1	1	1	0	0	0
P01589	1	1	1	1	1	1	1	0
Q15327	0	1	1	1	1	1	1	0
Q03393	1	1	1	1	1	1	1	0
O43826	0	1	1	0	1	0	0	0
P26367	1	1	1	1	1	0	0	0
Q96BA8	0	0	1	1	1	0	0	0
Q96AD5	0	1	1	1	1	1	1	0
P25092	0	1	1	1	1	1	1	0
P08493	0	0	0	1	1	0	0	0
P04264	1	1	1	1	1	1	1	0
P09651	1	1	1	1	1	1	1	0
P30301	0	1	1	1	1	1	1	0
O15528	0	1	1	1	1	1	1	0
P19438	1	1	1	1	1	1	1	0
Q8IXL7	0	1	1	1	1	0	0	0
Q13361	0	1	1	1	1	1	1	0
Q00325	0	1	1	1	1	0	0	0
Q8IWY9	0	1	1	1	1	1	1	0
Q13367	0	0	1	1	1	1	1	0
Q9UJJ9	0	1	1	1	1	1	1	0
Q93100	0	1	1	1	1	0	0	0
Q96AP0	1	1	1	1	1	0	0	0
P17735	1	1	1	1	1	1	1	0
Q562E7	0	1	1	1	1	0	0	0
Q9H1B5	0	0	1	1	1	1	1	0
Q9C000	1	0	1	1	1	0	0	0
P57082	0	1	1	1	1	1	1	0
P63261	1	1	1	1	1	0	1	0
P25705	0	1	1	1	1	0	0	0
Q9ULV0	1	1	1	1	1	1	1	0
O00754	0	1	1	1	1	0	0	0
Q8TF64	0	1	1	1	1	1	1	0
O95571	1	1	1	1	1	1	1	0
O00160	0	0	1	1	1	1	1	0
P01213	0	1	1	1	1	0	0	0
Q9Y5Q3	0	1	1	1	1	0	0	0
Q9BYM8	1	1	1	1	1	0	0	0
Q96BZ9	1	1	1	1	1	0	0	0
P14138	0	1	1	1	1	0	0	0
P57727	0	1	1	1	1	1	1	0
P15153	1	1	1	1	1	1	1	0
O75631	0	0	0	1	1	1	1	0
P55795	0	1	1	1	1	1	1	0
Q9ULL4	0	0	1	1	1	1	1	0
Q9NZN1	1	0	1	1	1	1	1	0
Q14683	0	1	1	1	1	1	1	0
P00558	1	1	1	1	1	1	1	0
Q9H7D7	0	0	1	1	1	1	1	0
Q7Z449	0	1	1	1	1	1	1	0
P29400	0	1	1	1	1	0	0	0
Q9Y3I1	1	1	1	1	1	1	1	0
Q6UVJ0	0	1	1	1	1	1	1	0
P81274	1	1	1	1	1	0	0	0
Q9H1V8	0	1	1	1	1	0	0	0
Q9Y6B7	0	1	1	1	1	0	0	0
Q5SV17	0	1	1	1	1	0	0	0
Q8WXI9	0	0	1	1	1	1	1	0
Q9GZT9	1	1	1	1	1	1	1	0
Q9UQ84	1	0	1	1	1	0	0	0
Q13003	0	0	1	1	1	1	1	0
O75844	1	1	1	1	1	1	1	0
P40238	0	1	1	1	1	1	1	0
Q11203	0	0	1	1	1	0	0	0
Q13415	1	1	1	1	1	0	0	0
Q15392	0	1	1	1	1	1	1	0
Q9Y672	0	1	1	1	1	1	1	0
P48357	1	1	1	1	1	0	0	0
Q99684	0	1	1	1	1	0	0	0
Q96F25	0	1	1	1	1	1	1	0
O14901	0	1	1	1	1	1	1	0
O43929	1	0	1	1	1	0	0	0
Q75T13	0	0	1	1	1	1	1	0
O95672	0	1	1	1	1	1	1	0
Q9BV36	0	1	1	1	1	1	1	0
P01189	1	0	1	1	1	0	0	0
Q9H222	1	1	1	1	1	1	1	0
Q4J6C6	0	0	1	1	1	0	0	0
Q9NW38	1	0	1	1	1	1	1	0
Q9NZJ5	1	1	1	1	1	1	1	0
P37231	1	0	1	1	1	1	1	0
P23769	0	1	1	1	1	0	0	0
Q96MT8	0	1	1	1	1	0	0	0
Q969F9	0	1	1	1	1	1	1	0
P10828	1	1	1	1	1	0	0	0
Q96SW2	1	0	1	1	1	1	1	0
Q96AQ7	0	1	1	1	1	1	1	0
P56730	0	1	1	1	1	1	1	0
O00444	1	0	1	1	1	1	1	0
Q7Z392	0	1	1	1	1	1	1	0
O76094	1	1	1	1	1	1	1	0
Q8TBZ6	1	1	1	1	1	0	0	0
Q9UHB7	1	1	1	1	1	1	1	0
Q08499	1	1	1	1	1	0	0	0
O00203	0	1	1	1	1	1	1	0
Q13002	1	1	1	1	1	0	0	0
A7XYQ1	0	1	1	1	1	1	1	0
Q8HWS3	0	1	1	1	1	1	1	0
Q9P0N9	1	0	1	1	1	0	0	0
Q6PHW0	1	1	1	1	1	0	0	0
Q96EV8	0	0	1	1	1	0	0	0
P15311	1	0	1	1	1	0	0	0
Q99519	0	1	1	1	1	0	0	0
Q9HB96	1	1	1	1	1	1	1	0
O00189	1	1	1	1	1	0	0	0
Q3SYG4	1	1	1	1	1	1	1	0
Q00534	1	1	1	1	1	0	0	0
Q13454	1	0	1	1	1	0	0	0
Q56NI9	0	1	1	1	1	1	1	0
Q6NXR4	0	1	1	1	1	0	0	0
O94905	0	0	1	1	1	0	0	0
P35219	1	1	1	1	1	1	1	0
Q9Y283	0	1	1	1	1	0	0	0
Q14626	0	1	0	1	1	0	0	0
O15287	0	1	0	1	1	1	1	0
Q02548	1	0	1	1	1	1	1	0
Q8NEA6	0	0	1	1	1	1	1	0
P22612	0	1	1	1	1	1	1	0
P37058	0	1	1	1	1	0	0	0
Q86YV9	0	1	1	1	1	1	1	0
P05093	1	1	1	1	1	1	1	0
Q7RTS3	0	0	1	1	1	1	1	0
Q96EK5	0	1	1	1	1	1	1	0
P14222	0	1	1	1	1	0	0	0
P00367	1	1	1	1	1	1	1	0
P52732	1	1	1	1	1	1	1	0
Q92902	0	1	0	1	1	0	0	0
Q14CZ8	0	1	1	1	1	1	1	0
Q09428	1	1	1	1	1	0	0	0
P01308	1	1	1	1	1	0	0	0
Q9NPI8	1	1	1	1	1	1	1	0
O75096	0	1	1	1	1	1	1	0
Q13702	0	1	1	1	1	1	1	0
Q6VY07	0	0	1	1	1	1	1	0
Q8NFJ9	0	1	1	1	1	1	1	0
P55851	0	0	1	1	1	1	1	0
Q9NVC6	0	1	1	1	1	1	1	0
Q2M389	0	1	1	1	1	1	1	0
P41212	1	1	1	1	1	1	1	0
Q16671	0	1	1	1	1	1	1	0
Q15699	0	0	1	1	1	1	1	0
P78364	0	0	1	1	1	1	1	0
P78560	1	1	1	1	1	0	0	0
Q06609	1	1	1	1	1	1	1	0
Q9UL45	0	0	1	1	1	1	1	0
Q15751	1	1	1	1	1	1	1	0
Q9BZF9	0	0	1	1	1	1	1	0
P05108	1	1	1	1	1	1	1	0
Q9Y5N6	1	1	1	1	1	1	1	0
Q9Y653	0	1	1	1	1	0	0	0
Q9BVA0	0	1	1	1	1	1	1	0
Q9UNE7	1	1	1	1	1	1	1	0
Q9H211	1	1	1	1	1	1	1	0
P13535	0	1	1	1	1	1	1	0
O14836	1	1	1	1	1	1	1	0
Q8IUD6	0	1	1	1	1	0	0	0
Q99741	1	1	1	1	1	1	1	0
P23258	1	1	1	1	1	1	1	0
P28799	0	1	1	1	1	1	1	0
P05106	1	1	1	1	1	1	1	0
Q9NXB0	0	1	1	1	1	1	1	0
Q9HC21	0	1	1	1	1	0	0	0
Q9BUR4	0	1	1	1	1	0	0	0
Q99708	1	1	1	1	1	0	0	0
Q96EQ8	1	1	1	1	1	1	1	0
Q9C0F0	0	0	1	1	1	1	1	0
P32245	0	1	1	1	1	1	1	0
P25391	0	1	1	1	1	1	1	0
Q9C0G0	0	1	1	1	1	1	1	0
Q6P1N0	0	1	1	1	1	1	1	0
Q03252	1	1	1	0	1	1	1	0
P13639	0	1	1	1	1	1	1	0
Q9Y463	0	1	1	1	1	1	1	0
Q8TF50	0	0	1	1	1	1	1	0
P50548	0	1	1	1	1	1	1	0
Q05469	0	0	1	1	1	1	1	0
Q6QNY0	0	0	1	1	1	1	1	0
Q9Y664	0	0	0	1	1	1	1	0
P13805	0	0	1	1	1	1	1	0
O95932	0	1	1	1	1	1	1	0
Q9H4G0	0	0	1	1	1	0	0	0
Q9H4Z2	0	1	1	1	1	1	1	0
P53007	0	1	1	1	1	1	1	0
O95721	1	1	0	1	1	1	1	0
Q9NQG7	0	1	0	1	1	0	0	0
P53701	0	1	1	1	1	0	0	0
Q15738	0	1	1	1	1	0	0	0
Q96DA2	0	1	1	1	1	1	1	0
P41732	0	1	1	1	1	1	1	0
P51508	0	0	1	1	1	0	0	0
P22557	0	1	1	1	1	1	1	0
P98172	0	1	1	1	1	1	1	0
P78318	1	1	1	1	1	1	1	0
Q96MV8	0	1	1	1	1	1	1	0
P51810	0	1	1	1	1	1	1	0
Q6DKK2	0	1	1	1	1	0	0	0
P54802	1	1	1	1	1	1	1	0
Q93099	1	1	1	1	1	1	1	0
Q8N8W4	0	1	1	1	1	0	0	0
Q6Q759	0	0	1	1	1	1	1	0
Q01973	1	0	1	1	1	1	1	0
Q96RK0	1	0	1	1	1	0	0	0
P17480	1	0	1	1	1	0	0	0
Q15046	1	0	1	1	1	1	1	0
P21754	0	0	1	1	1	0	0	0
P18850	0	1	1	1	1	1	1	0
Q8N3I7	0	1	1	1	1	1	1	0
Q49MI3	0	0	1	1	1	1	1	0
Q9H0F7	1	1	1	1	1	0	0	0
Q6ZWL3	0	1	1	1	1	1	1	0
P35221	1	1	1	1	1	1	1	0
P43080	0	1	1	1	1	0	0	0
Q17R60	0	1	1	1	1	1	1	0
Q8TDN2	0	1	1	1	1	1	1	0
Q9BXJ0	1	0	1	1	1	1	1	0
O43186	0	1	1	1	1	0	0	0
Q8WWY3	1	1	1	1	1	1	1	0
Q9GZU5	0	1	1	1	1	0	0	0
P51648	1	1	1	1	1	0	0	0
Q13064	0	1	1	1	1	1	1	0
A6NK58	0	1	1	1	1	1	1	0
Q02094	0	1	1	1	1	1	1	0
P00797	1	1	1	1	1	1	1	0
Q92959	1	1	1	1	1	1	1	0
Q06495	0	1	1	1	1	1	1	0
P31639	0	1	1	1	1	1	1	0
P80365	0	1	1	1	1	1	1	0
P02730	1	1	1	1	1	1	1	0
P07204	1	1	1	1	1	1	1	0
P43004	0	1	1	1	1	1	1	0
O00571	1	1	1	1	1	1	1	0
O60674	1	1	1	1	1	0	0	0
O14733	1	0	1	1	1	1	1	0
Q92733	0	0	1	1	1	1	1	0
Q01105	1	0	1	1	1	0	0	0
Q6N021	1	0	1	1	1	0	0	0
Q9C0G6	0	0	1	1	1	0	0	0
Q13255	1	0	1	1	1	0	0	0
P11310	1	1	1	1	1	1	1	0
P68871	0	1	1	1	1	1	1	0
P69905	0	1	1	1	1	0	0	0
P00995	1	1	1	1	1	1	1	0
P07477	1	1	1	1	1	0	0	0
P00451	1	1	1	1	1	0	0	0
P28330	0	0	1	1	1	1	1	0
Q92560	0	1	1	1	1	1	1	0
Q8WV28	0	0	1	1	1	1	1	0
P11912	1	0	1	1	1	1	1	0
Q9Y5Q5	0	1	1	1	1	1	1	0
Q9BXW9	0	1	1	1	1	0	0	0
O15353	1	1	1	1	1	1	1	0
Q9Y6W8	0	0	1	1	1	1	1	0
P15814	1	1	1	1	1	0	0	0
Q8IWT6	0	0	1	1	1	0	0	0
P42898	1	1	1	1	1	0	0	1
Q9UBC5	0	1	1	1	1	0	0	0
Q5T2R2	0	1	1	1	1	1	1	0
P17858	0	0	1	1	1	1	1	0
P30613	1	1	1	1	1	1	1	0
Q05655	1	1	1	1	1	0	0	0
P0C0E4	0	0	1	1	1	1	1	0
P62841	1	0	1	1	1	0	0	0
P62081	1	0	1	1	1	0	0	0
P50454	0	1	1	1	1	0	0	0
Q9NTN3	0	1	1	1	1	1	1	0
Q9GZV3	0	1	1	1	1	0	0	0
P02549	1	1	1	1	1	1	1	0
P20062	1	1	1	1	1	1	1	0
Q15583	0	1	1	1	1	1	1	0
Q96RJ3	1	0	1	1	1	1	1	0
P19224	0	0	1	1	1	1	1	0
Q9HAW7	0	0	1	1	1	1	1	0
P13051	1	1	1	1	1	1	1	0
Q9Y6N9	1	1	1	1	1	0	0	0
Q9H4A3	1	1	1	1	1	1	1	0
Q71RS6	0	1	1	1	1	1	1	0
P02746	1	0	1	1	1	1	1	0
P02747	1	0	1	1	1	0	0	0
P35916	1	1	1	1	1	1	1	0
P35558	1	1	1	1	1	1	1	0
Q9UGM6	1	0	1	1	1	1	1	0
Q8WVQ1	1	1	1	1	1	0	0	0
P04181	1	1	1	1	1	1	1	0
Q14117	1	1	1	1	1	1	1	0
Q9P0N5	0	1	1	1	1	0	0	0
Q9BQ65	1	1	1	1	1	1	1	0
P12955	1	1	1	1	1	1	1	0
P08697	0	1	1	1	1	0	0	0
O95859	0	1	1	1	1	0	0	0
P17900	1	1	1	1	1	1	1	0
Q9BU61	0	1	1	1	1	0	0	0
Q9H4B7	0	1	1	1	1	1	1	0
Q12882	0	1	1	1	1	0	0	0
P50895	1	1	1	1	1	1	1	0
Q8WZ04	0	1	1	1	1	0	0	0
P22830	1	0	1	1	1	1	1	0
Q9BZD2	0	1	1	1	1	1	1	0
Q5TEU4	0	1	1	1	1	1	1	0
P12259	1	1	1	1	1	1	1	0
P04070	1	1	1	1	1	0	0	0
P04066	0	1	1	1	1	1	1	0
Q86TH1	0	1	1	1	1	0	0	0
P34059	1	1	1	1	1	1	1	0
Q8NHX9	0	0	1	1	1	1	1	0
O14949	1	1	1	1	1	0	0	0
Q9NW13	0	1	1	1	1	1	1	0
Q9BTV4	0	1	1	1	1	1	1	0
Q6Y7W6	1	0	1	1	1	0	0	0
Q9H1K1	1	1	1	1	1	1	1	0
Q96AA3	0	1	1	1	1	1	1	0
Q15020	1	0	1	1	1	1	1	0
Q9Y5Z9	0	1	1	1	1	0	0	0
Q8N5K1	1	1	1	1	1	1	1	0
P08236	1	1	1	1	1	1	1	0
P00918	0	1	1	1	1	1	1	0
P0C7Q2	0	0	0	1	1	1	1	0
Q9P2H3	0	1	0	1	1	1	1	0
Q8IXQ5	1	1	1	1	1	0	0	0
Q9BUM1	0	1	1	1	1	1	1	0
O60393	0	1	1	1	1	1	1	0
Q9H444	1	1	1	1	1	1	1	0
Q96DW6	0	1	1	1	1	1	1	0
Q676U5	1	0	1	1	1	0	0	0
Q9BX79	0	1	1	1	1	0	0	0
P00748	1	1	1	1	1	1	1	0
Q00LT1	0	1	1	1	1	0	0	0
Q2I0M5	0	1	1	1	1	1	1	0
Q86YH6	0	1	1	1	1	0	0	0
Q8IXK2	0	1	1	1	1	1	1	0
P48643	1	0	1	1	1	1	1	0
Q8TAA9	0	0	1	1	1	0	0	0
Q8N6F1	0	1	1	1	1	1	1	0
Q5HYA8	0	1	1	1	1	0	0	0
Q8IU80	0	1	1	1	1	1	1	0
Q9BXB7	0	1	1	1	1	1	1	0
P14410	1	1	1	1	1	1	1	0
O00462	0	1	1	1	1	1	1	0
P32754	1	1	1	0	1	1	1	0
Q9UQN3	1	1	1	1	1	1	1	0
P42357	0	0	1	1	1	1	1	0
Q9P0J0	1	1	1	1	1	1	1	0
Q8TAF8	0	1	1	1	1	0	0	0
Q9Y2I7	0	1	1	1	1	1	1	0
Q13216	1	1	1	1	1	1	1	0
Q6ZVD7	0	1	1	1	1	0	0	0
P27352	1	1	1	1	1	1	1	0
P09172	1	1	1	1	1	1	1	0
Q8TAP9	0	1	1	1	1	1	1	0
Q9H902	0	0	1	1	1	1	1	0
P78424	0	0	1	1	1	1	1	0
O95678	0	0	1	1	1	1	1	0
Q96PL5	0	1	1	1	1	0	0	0
Q9HCC0	0	1	1	1	1	1	1	0
P57796	0	1	1	1	1	1	1	0
P00813	1	1	1	1	1	1	1	0
Q9BZ71	0	1	1	1	1	1	1	0
Q695T7	0	0	1	1	1	1	1	0
Q86YN6	1	0	1	1	1	1	1	0
Q6ZYL4	1	1	1	1	1	0	0	0
Q8NFD2	0	0	1	1	1	1	1	0
Q7Z412	0	1	1	1	1	0	0	0
Q96MS0	0	1	1	1	1	1	1	0
Q9H267	0	1	1	1	1	1	1	0
Q96RW7	0	0	1	1	1	1	1	0
Q9BQB6	0	1	1	1	1	0	0	0
P19878	1	1	1	1	1	0	0	0
P13498	1	1	1	1	1	1	1	0
Q6ZVN8	1	1	1	1	1	1	1	0
P12694	1	1	1	1	1	1	1	0
P31327	1	1	1	1	1	1	1	0
Q7Z4S6	1	1	1	1	1	1	1	0
Q96GX5	1	0	1	1	1	0	0	0
Q6X4W1	0	0	0	1	1	0	0	0
Q86Y38	1	1	1	1	1	1	1	0
Q9BVK2	0	1	1	1	1	1	1	0
P02655	0	1	1	1	1	1	1	0
P13804	1	1	1	1	1	0	0	0
Q9UHC9	1	0	1	1	1	1	1	0
Q9H553	0	1	1	1	1	0	0	0
Q86SJ6	0	1	1	1	1	1	1	0
Q3T906	0	1	1	1	1	1	1	0
Q6P4Q7	1	1	1	1	1	1	1	0
Q8NI22	1	1	1	1	1	0	0	0
Q9UDY2	1	1	1	1	1	0	0	0
Q495M9	1	1	1	1	1	0	0	0
Q96T21	0	1	1	1	1	0	0	0
Q9Y6B6	0	1	1	1	1	0	0	0
P32929	1	1	1	1	1	0	0	0
P47989	1	1	1	1	1	1	1	0
P35527	0	1	1	1	1	1	1	0
Q5VWK5	1	0	0	1	1	1	1	0
Q8NDX2	0	0	1	1	1	1	1	0
Q01718	0	1	1	1	1	0	0	0
Q8IVH4	1	1	1	1	1	1	1	0
Q8IWU9	1	0	1	1	1	1	1	0
Q7RTS9	0	1	1	1	1	1	1	0
Q969X6	0	0	1	1	1	1	1	0
Q8WWY8	0	1	1	1	1	1	1	0
O43395	1	1	1	1	1	1	1	0
Q8NEW7	0	1	1	1	1	1	1	0
Q9BV10	0	1	1	1	1	1	1	0
Q8NFJ6	0	1	1	1	1	0	0	0
Q96S37	0	1	1	1	1	0	0	0
Q12794	1	1	1	1	1	0	0	0
Q9BZV3	0	1	1	1	1	1	1	0
Q9UMX1	1	1	1	1	1	0	0	0
Q9HC23	0	1	1	1	1	1	1	0
P05164	1	1	1	1	1	1	1	0
P04180	1	1	1	1	1	1	1	0
Q14376	1	1	1	1	1	1	1	0
P10746	1	1	1	1	1	0	0	0
P51687	1	1	1	1	1	0	0	0
O43175	1	1	1	1	1	1	1	0
P48506	0	1	1	1	1	1	1	0
Q16595	1	1	1	1	1	1	1	0
P30038	1	1	1	1	1	0	0	0
O95954	0	1	1	1	1	0	0	0
Q9Y5Y6	1	1	1	1	1	1	1	0
O43897	1	1	1	1	1	1	1	0
Q9UI10	1	1	1	1	1	1	1	0
Q14232	1	1	1	1	1	1	1	0
Q14749	1	1	1	1	1	1	1	0
Q9NSU2	0	1	0	1	1	0	0	0
Q9Y250	0	1	1	1	1	0	0	0
Q02318	0	1	1	1	1	1	1	0
Q9NPE3	0	1	1	1	1	1	1	0
Q9NX24	0	1	1	1	1	1	1	0
P81172	1	1	1	1	1	1	1	0
O43464	1	1	1	1	1	1	1	0
P58418	0	0	0	1	1	0	0	0
Q6Q788	0	0	1	1	1	0	0	0
B1AK53	0	1	1	1	1	1	1	0
P58753	1	0	1	1	1	0	0	0
Q9BY79	0	1	1	1	1	0	0	0
Q9C0J9	0	0	1	1	1	1	1	0
P55000	0	1	1	1	1	1	1	0
P40200	0	1	0	1	1	1	1	0
O95076	0	1	1	1	1	1	1	0
Q96RL7	0	1	1	1	1	0	0	0
Q9HC29	0	1	1	1	1	1	1	0
Q9BY76	1	0	1	1	1	1	1	0
Q15049	0	1	0	1	1	0	0	0
Q96A29	0	1	1	1	1	1	1	0
P37198	0	1	1	1	1	0	0	0
P82650	0	1	1	1	1	0	0	0
Q9HAY6	0	1	1	1	1	1	1	0
Q5SW96	1	1	1	1	1	1	1	0
O95292	1	1	1	1	1	0	0	0
Q9NP91	0	0	1	1	1	0	0	0
P58012	0	1	1	1	1	1	1	0
Q9BZR6	1	0	1	1	1	1	1	0
Q9H221	1	1	1	1	1	1	1	0
Q15848	1	1	1	1	1	0	0	0
Q9NTQ9	0	1	1	1	1	1	1	0
O43323	1	1	1	1	1	1	1	0
Q9H161	0	1	1	1	1	1	1	0
Q9UNW1	0	1	1	1	1	0	0	0
Q9UNA1	0	1	1	1	1	1	1	0
Q99259	1	1	1	1	1	0	0	0
O15409	1	1	1	1	1	0	0	0
Q9GZX3	0	1	1	1	1	0	0	0
Q9GZX7	1	1	1	1	1	1	1	0
Q9HBG4	0	1	1	1	1	0	0	0
P50135	1	1	1	1	1	0	0	0
O14656	1	0	1	1	1	1	1	0
O43291	1	1	1	1	1	1	1	0
Q9NZC2	1	1	1	1	1	0	0	0
Q92765	0	0	1	1	1	1	1	0
Q13148	1	1	1	1	1	1	1	0
Q9NZR4	0	1	1	1	1	0	0	0
Q9NQC7	1	1	1	1	1	0	0	0
Q9UGI9	0	1	1	1	1	0	0	0
Q9NYV7	0	0	1	1	1	1	1	0
P57679	0	1	0	1	1	0	0	0
Q9NP85	0	1	1	1	1	1	1	0
P51857	1	1	1	1	1	1	1	0
O43572	1	0	1	1	1	1	1	0
O43364	0	1	1	1	1	1	1	0
Q9NP59	0	1	1	1	1	1	1	0
Q9UQF2	1	1	1	1	1	1	1	0
O43707	1	1	1	1	1	1	1	0
Q15466	1	1	1	1	1	1	1	0
Q12988	0	1	1	1	1	1	1	0
O60806	0	1	1	1	1	1	1	0
Q14191	1	1	1	1	1	1	1	0
Q13488	0	1	1	1	1	1	1	0
P31994	1	0	1	1	1	0	0	0
Q15198	0	1	1	1	1	0	0	0
O43837	0	1	1	1	1	1	1	0
Q9Y6H6	0	0	1	1	1	0	0	0
Q9UI46	0	1	1	1	1	1	1	0
P51570	1	1	1	1	1	1	1	0
P01034	1	1	1	1	1	0	0	0
Q9Y620	0	1	1	1	1	0	0	0
P21549	1	1	1	1	1	1	1	0
O43819	0	1	1	1	1	0	0	0
O75462	0	1	1	1	1	1	1	0
Q6P1M0	0	1	1	1	1	1	1	0
Q9H015	0	1	1	1	1	1	1	0
Q969F8	0	1	1	1	1	1	1	0
P82251	0	1	1	1	1	1	1	0
O43914	1	1	0	1	1	1	1	0
Q76LX8	1	1	1	1	1	0	0	0
O15303	0	1	1	1	1	0	0	0
O75916	0	1	1	1	1	1	1	0
O75352	0	1	1	1	1	1	1	0
Q92878	1	1	1	1	1	1	1	0
Q9Y253	1	1	1	1	1	0	0	0
Q16558	0	0	1	1	1	1	1	0
O60779	0	1	1	1	1	1	1	0
Q14520	0	0	1	1	1	1	1	0
Q9UJS0	1	1	1	1	1	1	1	0
Q99453	0	1	1	1	1	1	1	0
O75380	1	1	1	1	1	1	1	0
Q7LGC8	0	1	1	1	1	1	1	0
P46783	1	1	1	1	1	1	1	0
O96007	1	1	1	1	1	1	1	0
P62854	1	1	1	1	1	0	0	0
Q8WW38	0	1	0	1	1	1	1	0
Q9Y210	1	1	1	1	1	1	1	0
O75880	1	1	1	1	1	1	1	0
P46777	0	0	1	1	1	1	1	0
Q92698	0	1	1	1	1	0	0	0
O95999	1	1	1	1	1	1	1	0
P56705	0	1	1	1	1	1	1	0
O75569	0	1	1	1	1	1	1	0
O95389	0	1	1	1	1	0	0	0
Q99814	1	1	1	1	1	1	1	0
Q5BKT4	0	0	1	1	1	1	1	0
O60938	0	1	1	1	1	1	1	0
P09848	0	1	1	1	1	1	1	0
O14593	1	1	1	1	1	1	1	0
P15169	1	1	1	1	1	1	1	0
O15120	0	1	1	1	1	0	0	0
O75752	0	0	1	1	1	0	0	0
O00116	0	1	1	1	1	1	1	0
O00206	1	1	1	1	1	1	1	0
O60603	1	0	1	1	1	1	1	0
O75306	1	1	1	1	1	1	1	0
Q14032	0	1	1	1	1	0	0	0
O00519	0	0	1	1	1	1	1	0
Q14781	1	1	1	1	1	0	0	0
P78386	0	1	1	1	1	1	1	0
O14813	0	1	1	1	1	1	1	0
O15228	0	1	1	1	1	1	1	0
Q13705	1	1	1	1	1	1	1	0
Q9Y6D9	1	1	1	1	1	0	0	0
O75364	0	1	1	1	1	0	0	0
O00300	1	1	1	1	1	1	1	0
Q96BI1	0	1	1	1	1	0	0	0
O00358	0	1	1	1	1	1	1	0
Q16568	0	0	1	1	1	1	1	0
P78380	1	0	1	1	1	1	1	0
Q14114	1	0	1	1	1	1	1	0
Q16143	0	1	1	1	1	0	0	0
Q99497	1	1	1	1	1	0	0	0
Q99574	1	1	1	1	1	0	0	0
Q9ULV5	0	1	1	1	1	1	1	0
Q9HCK4	1	1	1	1	1	1	1	0
Q13867	1	1	1	1	1	1	1	0
Q99958	0	1	1	1	1	1	1	0
P48551	1	0	1	1	1	0	0	0
Q01974	1	1	1	1	1	1	1	0
O00253	0	0	1	1	1	1	1	0
O43593	0	1	1	1	1	0	0	0
P51149	1	1	1	1	1	1	1	0
O75845	0	1	1	1	1	0	0	0
P56693	0	1	1	1	1	0	0	0
Q16610	0	1	1	1	1	0	0	0
Q92743	1	1	1	1	1	1	1	0
Q14533	0	1	1	1	1	1	1	0
Q969G2	1	1	1	1	1	1	1	0
O43933	0	1	1	1	1	1	1	0
O15520	1	1	1	1	1	1	1	0
O15232	0	1	1	1	1	1	1	0
P78314	1	1	1	0	1	0	0	0
Q99612	0	1	1	1	1	0	0	0
P51801	0	1	1	1	1	0	0	0
O43790	0	1	1	1	1	0	0	0
O00744	0	1	1	1	1	1	1	0
Q92847	0	1	1	1	1	1	1	0
Q9Y2V3	0	1	1	1	1	0	0	0
O00469	0	1	1	1	1	0	0	0
P48382	1	1	1	1	1	0	0	0
Q96J92	1	1	1	1	1	1	1	0
Q92911	0	1	1	1	1	1	1	0
Q9UBX0	0	1	1	1	1	1	1	0
Q92968	0	1	1	1	1	1	1	0
Q16678	1	1	1	1	1	0	0	0
P11473	1	1	1	1	1	0	0	0
O00623	0	1	1	1	1	1	1	0
Q14435	0	1	1	1	1	1	1	0
Q99650	0	1	1	1	1	1	1	0
Q15582	1	1	1	1	1	1	1	0
Q13093	1	1	1	1	1	0	0	0
P15428	1	1	1	1	1	0	0	0
Q99456	0	1	1	1	1	1	1	0
Q99502	0	1	0	1	1	0	0	0
Q99972	1	1	1	1	1	1	1	0
Q16637	1	1	1	1	1	0	0	0
P35713	0	1	1	1	1	1	1	0
Q99758	0	1	1	1	1	1	1	0
Q92481	0	1	1	1	1	1	1	0
P49257	1	1	1	1	1	1	1	0
Q99697	1	1	1	1	1	0	0	0
Q99835	1	1	1	1	1	1	1	0
P35858	0	1	1	1	1	1	1	0
Q92904	0	0	1	1	1	0	0	0
P55809	1	1	1	1	1	1	1	0
P51681	1	1	1	1	1	0	0	0
Q15149	1	1	1	1	1	0	0	0
P41597	1	0	1	1	1	0	0	0
P56539	0	1	1	1	1	0	0	0
Q15399	1	1	1	1	1	0	0	0
P43235	1	1	1	1	1	1	1	0
Q6KF10	0	1	1	1	1	1	1	0
P04080	1	1	1	1	1	1	1	0
P11712	1	1	1	1	1	1	1	0
Q12951	0	1	1	1	1	1	1	0
Q12946	0	1	1	1	1	1	1	0
P10912	1	1	1	1	1	1	1	0
Q12913	1	1	1	1	1	1	1	0
Q16821	0	1	1	1	1	1	1	0
Q16585	0	1	1	1	1	1	1	0
P48730	1	1	1	1	1	1	1	0
Q13621	0	1	1	0	1	0	0	0
P39905	1	0	1	1	1	1	1	0
P49959	1	1	1	1	1	1	1	0
Q14623	1	1	1	1	1	1	1	0
Q92466	1	1	1	1	1	1	1	0
Q13873	1	1	1	1	1	0	0	0
P51170	0	0	1	1	1	1	1	0
P51168	0	1	1	1	1	0	0	0
Q9Y2R2	1	0	1	0	1	1	1	0
P53985	0	1	1	1	1	0	0	0
P49675	1	1	1	1	1	1	1	0
Q13351	1	1	1	1	1	1	1	0
Q9UBR4	0	1	1	1	1	0	0	0
Q9ULK5	0	0	1	1	1	1	1	0
P19404	1	1	1	1	1	1	1	0
P50416	0	1	1	1	1	0	0	0
Q9H244	1	1	1	1	1	1	1	0
Q8N0V5	0	1	1	1	1	0	0	0
P49638	1	1	1	1	1	1	1	0
P45954	1	1	1	1	1	1	1	0
P41235	1	1	1	1	1	1	1	0
P49279	0	0	1	1	1	1	1	0
P37088	1	1	1	1	1	1	1	0
P45452	1	1	1	1	1	1	1	0
Q05209	1	1	1	1	1	1	1	0
O95477	1	1	1	1	1	1	1	0
Q07812	1	1	1	1	1	0	0	0
Q13231	1	0	1	1	1	0	0	0
Q05066	1	1	1	1	1	1	1	0
P51811	0	1	1	1	1	1	1	0
P05543	1	1	1	1	1	0	0	0
P08247	0	1	1	1	1	0	0	0
P28335	1	1	1	1	1	0	0	0
P00740	1	1	1	1	1	1	1	0
Q00604	1	1	1	1	1	1	1	0
Q6ZUT3	0	1	1	1	1	1	1	0
Q96EU7	0	1	0	1	1	0	0	0
P98174	0	1	1	1	1	1	1	0
O60880	1	1	1	1	1	0	0	0
P32189	0	1	1	1	1	0	0	0
P51843	1	1	1	1	1	1	1	0
O60828	1	1	0	1	1	0	0	0
O60220	0	1	1	1	1	1	1	0
Q9Y458	0	1	1	1	1	0	0	0
O95972	0	1	1	1	1	1	1	0
Q15125	0	1	1	1	1	1	1	0
Q13642	0	1	1	1	1	0	0	0
O60488	0	1	1	1	1	0	0	0
O43602	1	1	1	1	1	0	0	0
O15239	1	1	1	1	1	1	1	0
P21333	1	1	1	1	1	0	0	0
P11172	1	1	1	1	1	1	1	0
P35914	1	1	1	1	1	1	1	0
P35575	0	1	1	1	1	1	1	0
P10643	0	1	1	1	1	1	1	0
P13671	1	1	1	1	1	0	0	0
P06681	1	0	1	1	1	0	0	0
O43772	0	1	1	1	1	1	1	0
P19526	0	1	1	1	1	1	1	0
P26439	0	1	1	1	1	0	0	0
P15313	0	1	1	1	1	1	1	0
P09936	1	1	1	1	1	1	1	0
P35968	1	1	1	1	1	1	1	0
P51451	0	0	1	1	1	1	1	0
P01375	1	1	1	1	1	0	0	0
P60174	1	1	1	1	1	1	1	0
P37275	0	1	1	1	1	1	1	0
P35625	1	1	1	1	1	1	1	0
P01222	0	1	1	1	1	0	0	0
P51580	1	0	1	1	1	1	1	0
P20963	1	1	1	1	1	1	1	0
P09693	1	1	1	1	1	1	1	0
O75056	0	0	1	1	1	1	1	0
Q15526	0	1	1	1	1	0	0	0
P16422	1	1	1	1	1	1	1	0
P08294	1	1	1	1	1	1	1	0
P48431	1	1	1	1	1	0	0	0
P35346	0	0	1	1	1	0	0	0
P13866	0	1	1	1	1	1	1	0
P31645	1	0	1	1	1	0	0	0
P35270	1	1	1	1	1	1	1	0
Q10981	0	1	1	1	1	0	0	0
P08708	1	1	1	1	1	1	1	0
Q05823	1	1	1	1	1	0	0	0
P49247	0	1	1	1	1	1	1	0
P02753	1	1	1	1	1	0	0	0
P35241	0	1	1	1	1	1	1	0
P11177	1	1	1	1	1	1	1	0
Q8IWL2	0	1	1	1	1	0	0	0
P06276	1	1	1	1	1	1	1	0
P00734	1	1	1	1	1	0	1	0
P07225	1	1	1	1	1	1	1	0
Q02750	1	1	1	1	1	1	1	0
Q05516	1	1	1	1	1	0	0	0
P04156	1	1	1	1	1	0	0	0
P22460	0	1	1	1	1	1	1	0
P11150	0	1	1	1	1	0	0	0
P01833	1	0	1	1	1	1	1	0
P14770	1	1	1	1	1	1	1	0
P16234	1	1	1	1	1	1	1	0
P05121	1	0	1	1	1	1	1	0
P00747	1	1	1	1	1	1	1	0
P78330	1	1	1	1	1	0	0	0
P15735	1	1	1	1	1	0	0	0
P06744	1	1	1	1	1	1	1	0
P69892	1	1	1	1	1	0	0	0
P24666	1	1	1	1	1	1	1	0
P21439	0	1	1	1	1	1	1	0
Q07869	1	0	1	1	1	0	0	0
P28288	0	0	1	1	1	0	0	0
P41219	0	0	1	1	1	1	1	0
Q03518	1	1	1	1	1	0	0	0
P27169	0	0	1	1	1	1	1	0
P12272	1	1	1	1	1	0	0	0
Q03431	1	1	1	1	1	0	0	0
P10721	1	1	1	1	1	1	1	0
Q13336	0	1	1	1	1	1	1	0
P28300	0	1	1	1	1	1	1	0
P31751	1	1	1	1	1	0	0	0
P00973	1	0	1	1	1	1	1	0
P41159	1	1	1	1	1	1	1	0
P37840	1	1	1	1	1	0	0	0
P34130	1	1	1	1	1	0	0	0
P01303	1	1	1	1	1	0	0	0
Q9UHF0	0	1	1	1	1	0	0	0
P07196	0	1	1	0	1	0	0	0
P01138	1	1	1	1	1	1	1	0
P41968	0	0	1	1	1	1	1	0
P11226	1	1	1	1	1	1	1	0
P21757	0	1	1	1	1	1	1	0
Q08397	0	0	1	1	1	1	1	0
P61626	1	1	1	1	1	1	1	0
P01374	1	0	1	1	1	0	0	0
Q9UJU2	0	0	1	1	1	1	1	0
P01229	0	1	1	1	1	1	1	0
P55268	0	1	1	1	1	0	0	0
P07195	1	0	1	1	1	0	0	0
Q04695	0	1	1	1	1	1	1	0
P05787	0	1	1	1	1	0	0	0
P12035	0	1	1	1	1	1	1	0
P06870	1	0	1	1	1	1	1	0
P08887	1	0	1	1	1	0	0	0
P24394	1	0	1	1	1	0	0	0
P10914	0	1	1	1	1	0	0	0
P38484	1	1	1	1	1	1	1	0
P16144	1	1	1	1	1	1	1	0
P00441	1	1	1	1	1	1	1	0
Q01362	0	0	1	1	1	1	1	0
Q13651	1	1	1	1	1	1	1	0
P08637	1	1	1	0	1	0	0	0
P51460	1	1	1	1	1	1	1	0
P12268	1	0	1	1	1	1	1	0
P35453	0	1	1	1	1	1	1	0
P28360	0	1	1	1	1	1	1	0
P09016	0	0	1	1	1	1	1	0
P04440	1	0	1	1	1	0	0	0
P02042	1	1	1	1	1	1	1	0
P00738	1	1	1	1	1	1	1	0
P04899	1	1	1	1	1	0	0	0
P11488	1	1	1	1	1	0	0	0
P36959	1	1	1	1	1	1	1	0
P01241	1	1	1	1	1	1	1	0
Q04760	1	0	1	1	1	1	1	0
P13224	1	1	1	1	1	1	1	0
P02749	1	1	1	1	1	1	1	0
P48167	0	1	1	1	1	0	0	0
P23415	1	1	1	1	1	0	0	0
P00751	1	1	1	1	1	0	0	0
P43304	0	1	1	1	1	0	0	0
P07203	1	1	1	1	1	0	0	0
P24298	0	1	1	1	1	0	0	0
P14672	0	0	1	1	1	1	1	0
O95479	0	1	1	1	1	1	1	0
P04150	1	1	1	1	1	0	0	0
P47871	1	1	1	1	1	1	1	0
P09758	0	1	1	1	1	1	1	0
P38435	0	1	1	1	1	1	1	0
O14764	0	0	1	1	1	1	1	0
P01225	1	1	1	1	1	0	0	0
P22455	1	1	1	1	1	0	0	0
P02679	1	1	1	1	1	1	1	0
P02675	1	1	1	1	1	1	1	0
P02671	1	1	1	1	1	1	1	0
P25445	1	1	1	1	1	0	0	0
P05160	0	1	1	1	1	1	1	0
P00746	1	0	1	1	1	1	1	0
P19447	1	1	1	1	1	1	1	0
P19235	1	1	1	1	1	1	1	0
P34913	1	0	1	1	1	0	0	0
P07099	0	0	1	1	1	0	0	0
P00533	1	1	1	1	1	1	1	0
P11678	0	0	1	1	1	1	1	0
P13929	1	1	1	1	1	0	0	0
P16581	1	0	1	1	1	1	1	0
P38117	1	1	1	1	1	1	1	0
P40879	0	1	1	1	1	1	1	0
P11388	1	0	1	1	1	1	1	0
P11387	1	1	1	1	1	1	1	0
Q02127	1	1	1	1	1	1	1	0
P15559	1	0	1	1	1	1	1	0
P24855	1	0	1	1	1	0	0	0
P13716	1	1	1	1	1	1	1	0
P14854	0	1	1	1	1	1	1	0
P19099	1	1	1	1	1	1	1	0
P10635	1	0	1	0	1	0	0	0
P99999	1	1	1	1	1	0	0	0
Q08334	1	0	1	1	1	1	1	0
Q14894	1	1	1	1	1	0	0	0
P22914	1	1	1	1	1	0	0	0
P07320	1	1	1	1	1	1	1	0
P07315	0	1	1	1	1	1	1	0
P26998	1	1	1	1	1	1	1	0
P02748	0	1	1	1	1	1	1	0
P15529	1	0	1	1	1	0	0	0
P01031	1	1	1	1	1	1	1	0
P09871	1	1	1	1	1	0	0	0
P43146	1	1	1	1	1	1	1	0
P14780	1	1	1	1	1	1	1	0
P08253	1	1	1	1	1	1	1	0
P25067	0	1	1	1	1	0	0	0
Q03692	1	1	1	1	1	0	0	0
P30532	0	0	1	1	1	1	1	0
P11597	1	1	1	1	1	1	1	0
P32238	1	1	1	1	1	1	1	0
P10809	1	1	1	1	1	0	0	0
P21964	1	0	1	1	1	0	0	0
P00915	1	1	1	1	1	0	0	0
Q9UMD9	0	1	1	1	1	1	1	0
P23560	1	0	1	1	1	0	0	0
Q14773	0	0	1	1	1	0	0	0
P21217	0	0	1	1	1	0	0	0
P23276	0	1	1	1	1	0	0	0
P04921	1	0	0	1	1	1	1	0
Q16570	1	1	0	1	1	0	0	0
P13945	0	0	1	1	1	1	1	0
P25942	1	1	1	1	1	0	0	0
Q01814	0	0	1	1	1	0	0	0
P18440	1	1	1	0	1	0	0	0
P11511	1	1	1	1	1	0	0	0
P41181	1	1	1	1	1	1	1	0
P02647	1	1	1	1	1	0	0	0
P29972	1	1	1	1	1	1	1	0
P02649	1	1	1	1	1	1	1	0
P02656	0	1	1	1	1	1	1	0
P15260	1	1	1	1	1	1	1	0
P01019	1	1	1	1	1	1	1	0
P05067	1	1	1	1	1	1	1	0
Q03154	1	1	1	1	1	1	1	0
Q07837	0	1	1	1	1	1	1	0
P00326	1	0	1	0	1	0	0	0
P02768	1	1	1	1	1	1	1	0
P12235	0	1	1	1	1	1	1	0
P00568	1	1	1	1	1	0	0	0
P23109	0	1	1	1	1	0	0	0
P07741	1	1	1	1	1	1	1	0
P50553	0	1	1	1	1	1	1	0
P05091	1	0	1	1	1	1	1	0
Q9H6I2	1	1	1	1	1	1	1	0
O43570	1	1	1	1	1	1	1	0
P48023	1	1	1	1	1	0	0	0
P04629	1	1	1	1	1	0	0	0
Q9UBD9	0	1	1	1	1	1	1	0
P09211	1	0	1	1	1	1	1	0
P55263	1	1	1	1	1	1	1	0
P16220	1	0	1	1	1	0	0	0
P20813	1	0	1	1	1	1	1	0
P00374	1	1	1	1	1	0	0	0
P21589	1	1	1	1	1	1	1	0
Q06210	1	1	1	1	1	1	1	0
P35568	1	1	1	1	1	1	1	0
P41221	0	1	1	1	1	0	0	0
P13686	1	1	1	1	1	0	0	0
P01730	1	1	1	1	1	1	1	0
P10827	1	1	1	1	1	0	0	0
P49448	0	1	1	1	1	1	1	0
P56178	1	1	1	1	1	1	1	0
P52895	1	1	1	1	1	0	0	0
Q15477	0	1	1	1	1	0	0	0
Q13825	1	1	1	1	1	0	0	0
P49286	0	0	1	1	1	1	1	0
P39877	0	0	1	1	1	1	1	0
Q13608	0	1	1	1	1	0	0	0
Q99720	1	1	1	1	1	1	1	0
P51178	0	1	1	1	1	1	1	0
Q9NP72	1	1	1	1	1	1	1	0
Q13618	1	1	1	1	1	1	1	0
O60928	0	1	1	1	1	0	0	0
Q14807	1	1	1	1	1	1	1	0
P51532	1	1	1	1	1	0	0	0
Q15726	0	1	1	1	1	1	1	0
Q9UNQ0	1	0	1	1	1	1	1	0
O95299	1	1	1	1	1	1	1	0
Q9UQQ2	0	1	1	1	1	1	1	0
Q9NR28	1	1	1	1	1	0	0	0
Q9NP58	1	1	1	1	1	1	1	0
Q9UBH0	1	1	1	1	1	0	0	0
Q9HCN6	1	1	1	1	1	0	0	0
Q9BT22	0	1	1	1	1	1	1	0
P56381	0	1	1	1	1	0	0	0
Q96PD4	1	1	1	1	1	1	1	0
Q9NWZ3	1	1	1	1	1	0	0	0
Q9Y375	0	1	1	1	1	1	1	0
Q8NET8	0	1	1	1	1	1	1	0
Q8TE60	0	1	1	1	1	1	1	0
Q9UK23	0	1	1	1	1	1	1	0
Q9BYE0	0	1	1	1	1	1	1	0
Q86X52	0	1	1	1	1	1	1	0
Q8TAD8	0	1	1	1	1	1	1	0
Q7RTS7	0	1	1	1	1	1	1	0
Q7Z3G6	0	0	1	1	1	0	0	0
Q8N8U9	0	1	1	1	1	0	0	0
Q5NUL3	0	0	1	1	1	0	0	0
Q9Y5U9	0	1	1	1	1	1	1	0
Q86SU0	0	1	1	1	1	0	0	0
Q9NZ01	0	1	1	1	1	1	1	1
Q8IVL5	0	1	1	1	1	1	1	0
Q96CG8	0	1	1	1	1	1	1	0
Q6XR72	0	1	1	1	1	0	0	0
Q96NT5	0	1	1	1	1	0	0	0
Q587J8	0	1	1	1	1	1	1	0
Q9BWP8	1	1	1	1	1	0	0	0
P05062	1	1	1	1	1	1	1	0
Q9NW15	0	1	1	1	1	1	1	0
P0CW18	0	1	1	1	1	0	0	0
Q86WW8	0	1	1	1	1	1	1	0
Q9NX62	0	1	1	1	1	1	1	0
O43167	0	1	1	1	1	1	1	0
Q9NQX1	0	1	1	1	1	1	1	0
Q8N9N2	0	1	1	1	1	0	0	0
O14802	0	1	1	1	1	1	1	0
Q9H694	1	0	1	1	1	1	1	0
Q9NSK7	0	1	0	1	1	0	0	0
Q6PJF5	0	1	1	1	1	1	1	0
Q96NL8	0	1	1	1	1	1	1	0
Q96I36	0	1	1	1	1	0	0	0
Q2YD98	1	1	1	1	1	0	0	0
P54826	0	0	1	1	1	1	1	0
P28845	1	1	1	1	1	0	0	0
Q96K19	0	1	1	1	1	0	0	0
P08754	1	1	1	1	1	1	1	0
Q15427	0	1	1	1	1	1	1	0
Q8WUU5	0	1	0	1	1	1	1	0
P61769	0	1	1	1	1	0	0	0
P78411	0	1	1	1	1	0	0	0
Q9Y6L6	0	1	1	1	1	1	1	0
Q9BT04	0	0	0	1	1	1	1	0
Q9Y2Z2	0	1	1	1	1	1	1	0
Q9HC07	0	1	1	1	1	1	1	0
P49918	0	1	1	1	1	1	1	0
O00755	1	1	1	1	1	1	1	0
Q13423	1	1	1	1	1	0	0	0
Q9Y5U8	0	1	1	1	1	1	1	0
P14653	1	1	1	1	1	1	1	0
P26006	0	1	1	1	1	0	0	0
O75326	1	0	1	1	1	1	1	0
P05026	0	0	1	1	1	0	0	0
O75052	0	0	1	1	1	1	1	0
Q5SQQ9	0	1	1	1	1	0	0	0
P07737	1	1	1	1	1	1	1	0
O14618	1	0	1	1	1	1	1	0
Q06330	1	1	1	1	1	0	0	0
Q9Y2M0	1	1	1	1	1	1	1	0
Q8IYM1	0	0	1	1	1	1	1	0
Q9BXR6	0	1	1	1	1	1	1	0
P98170	1	1	1	1	1	0	0	0
Q8IUC6	1	0	1	1	1	1	1	0
P13497	1	1	1	1	1	0	0	0
Q9BZH6	0	1	0	1	1	1	1	0
Q0VG99	0	1	1	1	1	1	1	0
P62304	1	1	1	1	1	1	1	0
Q9NPC4	0	0	1	1	1	0	0	0
Q3SXY7	0	1	1	1	1	0	0	0
O94777	0	1	1	1	1	1	1	0
Q9UL12	0	0	1	1	1	0	0	0
O15357	1	1	1	1	1	1	1	0
Q8IUZ5	0	1	1	1	1	1	1	0
O75762	1	1	1	1	1	1	1	0
O14841	0	1	1	1	1	0	0	0
Q86Y56	0	1	0	1	1	1	1	0
O75838	0	1	0	1	1	1	1	0
Q9ULV3	0	1	1	1	1	0	0	0
Q14563	0	0	1	1	1	0	0	0
Q8NEZ2	0	1	1	1	1	1	1	0
O14874	0	1	1	1	1	0	0	0
Q9NWS8	0	1	1	1	1	0	0	0
Q86X45	0	1	0	1	1	1	1	0
Q05707	0	0	1	1	1	1	1	0
O60936	1	1	1	1	1	0	0	0
P24386	0	1	1	1	1	1	1	0
O15247	1	1	1	1	1	1	1	0
A6NHR9	0	1	1	1	1	1	1	0
P42261	0	0	1	1	1	1	1	0
Q6JEL2	0	1	1	1	1	0	0	0
Q9Y5X0	1	1	1	1	1	0	0	0
Q9NYQ7	0	0	1	1	1	1	1	0
Q9NY47	0	1	1	1	1	0	0	0
Q9UQ13	0	0	1	1	1	0	0	0
P08581	1	1	1	1	1	0	0	0
Q13586	1	1	1	1	1	1	1	0
O15455	1	0	1	1	1	1	1	0
Q9NX18	0	1	1	1	1	1	1	0
Q8N726	0	0	1	0	1	1	1	0
Q9BX67	0	1	1	1	1	1	1	0
P17600	0	1	1	1	1	1	1	0
P02511	1	1	1	1	1	0	0	0
Q9HAV0	0	1	1	1	1	0	0	0
Q99622	0	1	1	1	1	0	0	0
Q9Y5H8	0	0	1	1	1	1	1	0
P14210	1	0	1	1	1	1	1	0
P42167	0	1	1	0	1	0	0	0
P35237	0	1	1	1	1	0	0	0
Q16619	0	0	0	1	1	1	1	0
P26678	1	1	1	1	1	1	1	0
O95677	0	1	1	1	1	0	0	0
Q8NEV4	0	1	1	1	1	1	1	0
Q6ISB3	1	1	1	1	1	1	1	0
Q9BPY8	0	0	1	1	1	0	0	0
P58743	0	1	1	1	1	1	1	0
Q96EB6	1	0	1	1	1	1	1	0
Q8WYR1	0	1	1	1	1	1	1	0
Q9H6B4	0	1	1	1	1	1	1	0
P04628	0	1	1	1	1	1	1	0
Q15928	0	0	1	1	1	1	1	0
Q9UHJ9	0	1	1	1	1	0	0	0
P52429	0	0	1	1	1	1	1	0
P50148	0	1	1	1	1	1	1	0
Q16828	1	1	1	1	1	1	1	0
O60258	0	1	1	1	1	1	1	0
Q9NZU0	1	1	1	1	1	0	0	0
Q9C004	1	1	1	1	1	1	1	0
Q96RN1	0	1	1	1	1	0	0	0
Q8WXI3	0	1	1	1	1	0	0	0
Q03933	1	0	1	1	1	1	1	0
P14868	1	1	1	1	1	1	1	0
Q8IYI6	0	0	1	1	1	1	1	0
Q5NDL2	0	1	1	1	1	0	0	0
Q969S9	0	1	1	1	1	0	0	0
Q8TD16	0	1	1	1	1	0	0	0
Q16740	1	1	1	1	1	1	1	0
Q719H9	1	0	1	1	1	0	0	0
Q5RI15	0	1	1	1	1	0	0	0
O75165	0	0	1	1	1	1	1	0
Q96PZ2	0	0	1	1	1	0	0	0
Q15797	1	0	1	1	1	0	0	0
O14649	0	1	1	1	1	1	1	0
P29992	0	1	1	1	1	1	1	0
Q15120	1	1	1	1	1	1	1	0
Q6XUX3	0	1	1	1	1	0	0	0
Q8WWQ2	0	1	1	1	1	0	0	0
Q68DC2	1	1	1	1	1	1	1	0
Q08881	1	1	1	1	1	1	1	0
P48048	0	0	1	1	1	0	0	0
Q9H9J2	1	1	0	1	1	1	1	0
Q15303	1	1	1	1	1	1	1	0
P08865	1	1	1	1	1	1	1	0
Q86W42	0	1	1	1	1	0	0	0
P22897	1	0	1	1	1	1	1	0
P13987	1	1	1	1	1	0	0	0
Q8WY41	1	0	1	1	1	1	1	0
O60282	0	1	1	1	1	1	1	0
Q9NZ71	0	1	1	1	1	0	0	0
P22626	1	1	1	1	1	0	0	0
Q96FG2	0	1	1	1	1	0	0	0
Q9Y2Y0	1	1	1	1	1	1	1	0
Q13976	1	1	1	1	1	0	0	0
P55064	1	1	1	1	1	1	1	0
O14793	1	1	1	1	1	1	1	0
O75800	0	1	1	1	1	1	1	0
Q5T2S8	0	1	1	1	1	1	1	0
O75581	1	1	1	1	1	1	1	0
O75792	1	1	1	1	1	1	1	0
Q01668	1	0	1	1	1	0	0	0
Q9UDY8	1	1	1	1	1	0	0	0
P20700	1	0	1	1	1	1	1	0
O00165	0	0	0	1	1	1	1	0
P02489	0	1	1	1	1	1	1	0
P05813	0	1	1	1	1	1	1	0
Q969H0	1	0	1	1	1	0	0	0
P01127	1	1	1	1	1	1	1	0
Q9C040	0	1	1	1	1	0	0	0
Q8WVS4	0	1	0	1	1	1	1	0
Q5T1V6	0	0	1	1	1	1	1	0
Q07617	0	1	1	1	1	0	0	0
Q96IJ6	0	1	1	1	1	0	0	0
Q13432	1	0	1	1	1	0	0	0
Q96MF2	1	1	1	1	1	1	1	0
O14672	1	1	1	1	1	1	1	0
Q9UL01	0	1	1	1	1	0	0	0
Q9H257	0	1	1	1	1	1	1	0
P16471	1	1	1	1	1	0	0	0
Q9Y2D2	0	1	1	1	1	0	0	0
O94986	1	1	0	1	1	0	0	0
Q96D53	0	1	1	1	1	0	0	0
Q9Y5C1	1	1	1	1	1	1	1	0
P17612	1	0	1	1	1	0	0	0
O60318	1	0	1	1	1	0	0	0
A6NGG8	0	1	1	1	1	1	1	0
Q12805	0	1	1	1	1	0	0	0
Q2M3X9	0	1	1	1	1	0	0	0
P15291	1	0	1	1	1	1	1	0
Q06787	1	1	1	1	1	0	0	0
P14314	0	1	1	1	1	0	0	0
P41225	0	1	1	1	1	1	1	0
Q13724	0	1	1	1	1	1	1	0
P78382	0	0	1	1	1	1	1	0
Q86UL8	0	1	1	1	1	1	1	0
Q6W2J9	1	0	1	1	1	0	0	0
Q8WTW3	0	1	1	1	1	1	1	0
Q96MW5	0	1	1	1	1	1	1	0
Q14693	0	1	1	0	1	1	1	0
P83436	0	0	1	1	1	1	1	0
Q6PEW1	0	0	1	1	1	1	1	0
Q9UFE4	0	1	0	1	1	1	1	0
Q6ZS82	0	1	0	1	1	1	1	0
P43489	1	1	1	1	1	1	1	0
Q15319	0	1	1	1	1	1	1	0
Q08426	0	1	1	1	1	1	1	0
O75558	0	1	1	1	1	1	1	0
Q9BRK0	0	1	1	1	1	1	1	0
Q9Y2V0	0	1	1	1	1	0	0	0
Q9P2K8	0	1	1	1	1	1	1	0
O95947	0	1	1	1	1	0	0	0
Q9UDR5	1	1	1	1	1	0	0	0
Q9UI47	0	1	1	1	1	1	1	0
P49585	0	1	1	1	1	0	0	0
P40818	1	1	1	1	1	0	0	0
Q96KR1	0	0	1	1	1	1	1	0
P38919	1	1	1	1	1	1	1	0
Q6NUT2	0	1	1	1	1	1	1	0
Q9UKP3	0	0	1	1	1	1	1	0
Q14031	0	1	1	1	1	0	0	0
P46977	0	1	1	1	1	0	0	0
Q9HD34	1	1	1	0	1	1	1	0
Q6SJ93	0	1	1	1	1	1	1	0
Q8IV08	0	0	1	1	1	0	0	0
Q6ZN30	0	1	1	1	1	1	1	0
P0DJ07	0	1	1	1	1	0	0	0
A6NNN8	0	1	1	1	1	1	1	0
Q96GX1	0	1	1	1	1	1	1	0
Q9NQ48	0	1	1	1	1	1	1	0
Q8TBB6	0	1	1	1	1	1	1	0
P53708	0	1	1	1	1	1	1	0
P48668	0	1	1	1	1	1	1	0
Q8NBL1	1	1	1	1	1	1	1	0
O15178	1	1	1	1	1	1	1	0
P33527	1	0	1	1	1	1	1	0
O75204	0	0	0	1	1	0	0	0
Q08629	0	1	1	1	1	1	1	0
Q9NZD8	0	1	1	1	1	0	0	0
P35218	0	1	1	1	1	1	1	0
P06239	1	1	1	1	1	0	0	0
O75694	0	1	1	1	1	1	1	0
Q9BZE0	0	1	1	1	1	0	0	0
Q14202	0	0	1	1	1	0	0	0
Q92826	1	0	1	1	1	1	1	0
Q6UWZ7	1	0	0	1	1	1	1	0
P24468	1	0	1	1	1	1	1	0
Q8N2K0	0	0	1	1	1	1	1	0
Q9UHK6	0	1	1	1	1	1	1	0
O43299	0	1	1	1	1	1	1	0
Q5H9S7	0	0	1	1	1	1	1	0
Q09013	1	1	1	1	1	1	1	0
Q9Y4Z2	0	1	1	1	1	1	1	0
O60240	0	1	1	1	1	0	0	0
Q9UNP4	0	1	1	1	1	0	0	0
Q9H6L2	0	0	1	0	1	1	1	0
Q9BUB7	0	1	1	1	1	1	1	0
Q07954	1	1	1	1	1	1	1	0
O95394	0	1	1	1	1	0	0	0
Q5TAQ9	1	1	1	1	1	0	0	0
Q5JTC6	1	0	1	1	1	1	1	0
Q68CP9	0	0	1	1	1	1	1	0
P41182	1	0	1	1	1	0	0	0
Q13191	1	0	1	1	1	1	1	0
Q93063	0	0	1	1	1	0	0	0
Q6UN15	0	0	1	1	1	0	0	0
Q96AE4	1	0	1	1	1	0	0	0
O95467	0	0	1	0	1	0	0	0
O75874	1	1	1	1	1	0	0	0
P23458	1	0	1	1	1	1	1	0
P06748	1	0	1	1	1	0	0	0
P54277	0	0	1	1	1	0	0	0
O75626	1	0	1	1	1	0	0	0
O75533	1	0	1	1	1	1	1	0
P21580	1	0	1	1	1	1	1	0
Q92956	1	0	1	1	1	1	1	0
Q01831	1	1	1	1	1	1	1	0
Q15696	0	0	1	1	1	1	1	0
Q5U5X0	0	1	1	1	1	1	1	0
P54819	1	0	1	1	1	1	1	0
O75208	1	0	1	1	1	1	1	0
Q5T1H1	0	1	1	1	1	0	0	0
Q9NYY8	0	1	1	1	1	0	0	0
Q12797	1	1	1	1	1	0	0	0
O43615	1	1	1	1	1	1	1	0
Q9H061	0	0	1	1	1	1	1	0
Q96PE7	1	1	1	1	1	1	1	0
O43678	1	0	1	1	1	1	1	0
Q9Y606	1	0	1	1	1	1	1	0
P54851	0	1	1	1	1	0	0	0
O60741	1	1	1	1	1	1	1	0
O60882	1	1	1	1	1	1	1	0
A9QM74	0	0	1	1	1	1	1	0
Q9HCP0	1	0	1	1	1	1	1	0
Q3SY84	0	1	1	1	1	1	1	0
Q9BW83	0	1	1	1	1	0	0	0
P52565	1	1	1	1	1	0	0	0
Q92620	0	0	1	1	1	1	1	0
P12034	0	1	1	1	1	1	1	0
P12004	1	1	1	1	1	0	0	0
O43172	1	1	1	1	1	1	1	0
P10523	0	1	1	1	1	1	1	0
B7U540	0	1	1	0	1	1	1	0
Q8IZC6	0	1	1	1	1	1	1	0
Q86WV6	1	1	1	1	1	1	1	0
Q9H040	1	1	1	1	1	0	0	0
P30279	1	1	1	1	1	1	1	0
Q6ZMH5	0	1	1	1	1	0	0	0
Q9NZV8	0	0	1	1	1	1	1	0
O75177	0	0	1	1	1	0	0	0
Q4AC94	0	1	1	1	1	0	0	0
Q8N100	0	1	1	1	1	1	1	0
Q9NYP7	0	1	1	1	1	0	0	0
P43897	0	1	1	1	1	0	0	0
Q9Y2Y6	0	1	1	1	1	1	1	0
Q9UBL9	0	1	1	1	1	0	0	0
P18428	0	0	1	1	1	1	1	0
Q8TC44	0	1	1	1	1	1	1	0
Q9HCJ5	0	0	0	1	1	1	1	0
Q8IYT3	0	0	0	1	1	1	1	0
Q14692	0	1	1	1	1	1	1	0
Q8N5M9	0	1	1	1	1	1	1	0
O94885	0	0	1	1	1	1	1	0
A0PJY2	0	1	1	1	1	0	0	0
Q9NQW6	1	1	1	1	1	1	1	0
Q9Y617	1	1	1	1	1	0	0	0
Q9H1K0	1	0	1	1	1	0	0	0
Q5T4S7	0	0	1	1	1	0	0	0
Q9NSE4	0	1	1	1	1	1	1	0
P21695	1	1	1	1	1	1	1	0
Q63ZY3	1	1	1	1	1	0	0	0
Q16719	1	1	1	1	1	0	0	0
Q6UW78	0	1	1	1	1	0	0	0
Q9UJA3	0	1	1	1	1	0	0	0
Q59H18	1	1	1	1	1	1	1	0
O43791	1	0	1	1	1	0	0	0
P32927	1	1	1	1	1	1	1	0
Q96JJ7	0	0	1	1	1	1	1	0
Q7RTU4	0	1	1	1	1	1	1	0
Q6NTF9	0	0	1	1	1	1	1	0
P61266	0	1	1	1	1	1	1	0
P05023	0	1	1	1	1	1	1	0
Q9UKJ3	0	0	1	1	1	0	0	0
Q5FBB7	1	1	1	1	1	0	0	0
P46976	1	1	1	1	1	0	0	0
Q8N427	0	1	1	1	1	0	0	0
Q5TD94	0	1	1	1	1	1	1	0
Q9H1X1	0	1	1	1	1	1	1	0
P35247	1	1	1	1	1	1	1	0
Q9HC84	0	1	1	1	1	1	1	0
Q8N2S1	0	1	1	1	1	0	0	0
P13611	0	1	1	1	1	1	1	0
Q86VQ0	0	1	1	1	1	0	0	0
P08183	1	1	1	1	1	1	1	0
Q15051	0	1	1	1	1	1	1	0
Q7Z3Z2	0	1	1	1	1	1	1	0
Q8N8E2	0	1	1	1	1	1	1	0
Q3B820	0	0	1	1	1	0	0	0
Q5JST6	1	1	1	1	1	1	1	0
Q96P66	0	1	1	1	1	1	1	0
O43680	0	0	1	1	1	0	0	0
O60243	0	1	1	1	1	1	1	0
P68366	0	1	1	1	1	0	1	0
Q9NS40	0	0	1	1	1	0	0	0
P49848	1	1	1	1	1	0	0	0
Q8WYQ3	0	0	1	1	1	1	1	0
P45379	1	0	1	1	1	0	0	0
Q969Q1	1	0	1	1	1	1	1	0
P18564	1	1	1	1	1	0	0	0
Q9BXS0	0	1	1	1	1	0	0	0
P27544	0	1	1	1	1	0	0	0
P06850	1	0	1	1	1	1	1	0
Q9H9D4	0	1	1	1	1	1	1	0
P21583	1	1	1	1	1	1	1	0
O60662	0	1	1	1	1	1	1	0
Q8NFW5	0	0	1	1	1	0	0	0
Q702N8	0	0	1	1	1	1	1	0
Q9H3S7	1	1	1	1	1	1	1	0
O94855	1	1	1	1	1	1	1	0
Q9HCS5	0	0	1	1	1	1	1	0
Q96A65	0	0	1	1	1	1	1	0
Q5T036	0	0	0	1	1	1	1	0
Q8N8R7	0	0	1	1	1	1	1	0
P57740	1	1	1	1	1	1	1	0
Q9ULG1	1	0	1	1	1	0	0	0
Q6P2C0	0	0	0	1	1	1	1	0
Q8NCN5	0	0	1	1	1	0	0	0
Q765P7	0	0	1	1	1	1	1	0
Q9BZG8	0	0	1	1	1	1	1	0
Q9Y3E5	1	0	1	1	1	0	0	0
P57678	0	0	0	1	1	1	1	0
Q9BV20	1	0	1	1	1	1	1	0
Q13112	0	0	1	1	1	1	1	0
P46527	1	1	1	1	1	1	1	0
Q9H2A9	0	1	1	1	1	0	0	0
A6NNB3	0	1	1	1	1	1	1	0
Q9Y3D7	0	0	1	1	1	1	1	0
Q969E8	0	1	1	1	1	1	1	0
P62857	1	1	1	1	1	0	0	0
Q8IWX7	0	1	1	1	1	0	0	0
Q8TD30	1	1	1	1	1	1	1	0
Q8TCG5	0	1	1	1	1	0	0	0
O43306	0	1	1	1	1	1	1	0
P19634	1	1	1	1	1	1	1	0
Q14571	0	1	1	1	1	0	0	0
P58215	0	1	1	1	1	1	1	0
Q13467	1	0	1	1	1	1	1	0
O96014	0	0	1	1	1	1	1	0
P56703	0	0	1	1	1	1	1	0
Q6P4F7	1	0	1	1	1	1	1	0
Q9Y234	0	1	0	1	1	0	0	0
P57059	0	1	1	1	1	1	1	0
P84074	1	1	1	1	1	1	1	0
Q92985	1	1	1	1	1	0	0	0
O95025	0	1	1	1	1	1	1	0
Q9Y6X8	1	0	1	1	1	1	1	0
P00749	1	0	1	1	1	0	0	0
P56159	0	0	1	1	1	0	0	0
Q09666	1	0	0	1	1	0	0	0
O94779	1	0	1	1	1	0	0	0
P30153	1	1	1	1	1	1	1	0
P25101	0	1	1	1	1	1	1	0
Q92535	0	0	1	1	1	0	0	0
Q9Y2R0	0	1	1	1	1	1	1	0
Q9H3Q3	0	0	1	1	1	1	1	0
P20930	1	1	1	1	1	1	1	0
P10276	1	0	1	1	1	0	0	0
Q8N5Z5	1	1	1	1	1	0	0	0
Q9UBH6	1	1	1	1	1	0	0	0
Q9NP08	0	1	1	1	1	1	1	0
Q8IYF3	0	1	1	1	1	0	0	0
Q14432	0	1	1	1	1	1	1	0
P78367	0	0	1	1	1	1	1	0
Q9Y5B0	1	1	1	1	1	0	0	0
Q6NZI2	0	0	1	1	1	1	1	0
Q9Y2P5	0	1	1	1	1	1	1	0
Q86WC4	0	0	1	1	1	1	1	0
P57775	0	0	1	1	1	1	1	0
P04844	0	1	1	1	1	1	1	0
Q15813	1	1	1	1	1	0	0	0
Q8NCE2	0	0	0	1	1	1	1	0
Q9GZS0	0	1	0	1	1	0	0	0
Q68DA7	0	1	1	1	1	0	0	0
Q8IWU6	0	1	1	1	1	0	0	0
P42702	1	1	1	1	1	0	0	0
P12643	1	1	1	1	1	1	1	0
O60721	0	1	1	1	1	1	1	0
Q13753	0	0	1	1	1	1	1	0
Q9H2F3	0	1	1	1	1	0	0	0
Q86UX7	0	1	1	1	1	1	1	0
P78337	0	1	1	1	1	0	0	0
Q13443	0	0	1	1	1	0	0	0
Q13609	0	1	1	1	1	1	1	0
O60479	1	0	1	1	1	1	1	0
P19087	0	0	1	1	1	1	1	0
Q96KJ9	0	0	1	1	1	1	1	0
Q96M11	0	1	1	1	1	0	0	0
P40225	1	0	1	1	1	1	1	0
P14416	1	1	1	1	1	0	0	0
Q8WVP7	0	0	1	1	1	1	1	0
Q6P179	1	1	1	1	1	0	0	0
Q92608	1	1	1	1	1	1	1	0
Q9NPD8	1	1	1	1	1	1	1	0
Q96HP0	0	1	1	1	1	1	1	0
Q9H3L0	1	1	1	1	1	0	0	0
O75496	1	0	1	1	1	0	0	0
Q9NR61	1	1	1	1	1	1	1	0
Q9NUQ7	0	1	1	1	1	1	1	0
Q9UKG1	1	1	1	1	1	1	1	0
Q8WVJ9	0	1	1	1	1	1	1	0
O00451	1	0	1	1	1	1	1	0
Q9C0B1	1	1	1	1	1	0	0	0
Q6NV75	0	0	1	1	1	1	1	0
Q9UPQ7	0	0	1	1	1	1	1	0
Q5TCY1	1	0	1	1	1	1	1	0
Q04206	1	0	1	1	1	0	0	0
Q6ZMB0	0	0	1	1	1	0	0	0
Q0P5N6	0	0	1	1	1	1	1	0
Q16647	1	0	1	1	1	1	1	0
P42356	1	1	1	0	1	1	1	0
Q14653	1	0	1	1	1	0	0	0
Q7Z6B7	0	1	1	1	1	1	1	0
Q6P4I2	0	1	0	1	1	1	1	0
Q13426	1	1	1	1	1	0	0	0
Q8NI27	0	1	1	1	1	0	0	0
Q9Y6C2	1	0	1	1	1	1	1	0
Q3ZAQ7	0	1	1	1	1	1	1	0
Q6ICL3	0	1	1	1	1	0	0	0
Q969Y0	0	0	1	1	1	0	0	0
Q460N5	1	1	1	1	1	1	1	0
Q8TCG2	1	1	1	1	1	1	1	0
Q9NYQ8	0	0	1	1	1	1	1	0
Q9NRR4	1	1	1	1	1	0	0	0
P04439	1	1	1	0	1	0	0	0
Q7Z7B0	0	1	1	1	1	1	1	0
Q9BZW2	0	1	1	1	1	1	1	0
Q6ZU69	0	1	1	1	1	1	1	0
Q14678	1	1	1	1	1	0	0	0
Q9ULK0	0	1	1	1	1	1	1	0
Q9Y320	0	0	1	1	1	1	1	0
Q9UBP6	1	0	1	1	1	0	0	0
P83111	0	1	1	1	1	1	1	0
Q08AH3	1	0	1	1	1	0	0	0
Q92817	1	1	1	1	1	1	1	0
P22670	1	1	1	1	1	1	1	0
Q9H7P9	0	0	1	1	1	0	0	0
Q05315	1	1	1	1	1	1	1	0
Q9Y388	0	0	1	1	1	1	1	0
P51815	0	1	1	1	1	0	0	0
Q5JRC9	0	1	1	1	1	1	1	0
Q8WUX1	0	0	1	1	1	0	0	0
Q3MII6	0	1	1	1	1	1	1	0
Q9UBN7	1	0	1	1	1	0	0	0
Q9ULW6	0	0	1	1	1	1	1	0
P41247	0	0	1	1	1	0	0	0
Q96NX9	0	1	1	1	1	1	1	0
Q99457	0	1	1	1	1	1	1	0
D6RGH6	1	1	1	1	1	1	1	0
P22674	0	1	1	1	1	1	1	0
Q13277	0	0	1	1	1	1	1	0
Q9H2I8	0	1	1	1	1	1	1	0
Q9BX84	0	1	1	1	1	1	1	0
P54253	1	0	1	1	1	0	0	0
Q99700	1	1	1	1	1	1	1	0
O95600	0	0	1	1	1	0	0	0
A6NKB5	0	0	1	1	1	1	1	0
Q8TCX1	0	1	1	1	1	1	1	0
Q53S33	0	0	1	1	1	0	0	0
Q96DA6	0	0	1	1	1	1	1	0
O43181	1	1	1	1	1	1	1	0
Q8N183	0	0	1	1	1	1	1	0
Q53H12	0	1	1	1	1	1	1	0
P14927	1	0	1	1	1	1	1	0
Q9Y3D3	0	0	1	1	1	1	1	0
Q7KZN9	0	0	1	1	1	1	1	0
Q9UI09	1	0	1	1	1	1	1	0
Q86Y39	1	0	0	1	1	1	1	0
Q9UJY1	0	1	1	1	1	1	1	0
Q13158	1	1	1	1	1	1	1	0
Q68BL8	0	0	1	1	1	1	1	0
Q96M91	0	1	1	1	1	1	1	0
Q7Z3Z0	0	1	1	1	1	1	1	0
O75444	0	0	1	1	1	0	0	0
P51449	1	1	1	1	1	1	1	0
Q15173	0	0	1	1	1	0	0	0
Q9UPM9	0	1	1	1	1	0	0	0
Q9BPU9	0	1	1	1	1	1	1	0
P14324	1	1	1	1	1	0	0	0
Q9NQV8	0	1	1	1	1	0	0	0
Q9H2X9	0	1	1	1	1	0	0	0
Q9H300	0	0	1	1	1	0	0	0
Q9NYL2	1	1	1	1	1	0	0	0
P02786	1	1	1	1	1	0	0	0
Q9HDC5	0	0	1	1	1	1	1	0
Q9UBT6	1	1	1	1	1	1	1	0
Q86XL3	0	0	1	1	1	1	1	0
Q8NFP4	1	0	1	1	1	1	1	0
Q9NSB8	0	1	1	1	1	1	1	0
P48681	0	1	1	1	1	1	1	0
Q8TE85	0	1	1	1	1	0	0	0
Q13303	1	0	1	1	1	0	0	0
Q52LW3	0	0	1	1	1	1	1	0
O43194	0	0	1	1	1	1	1	0
P15336	1	0	1	1	1	0	0	0
P13612	1	0	1	1	1	0	0	0
Q7Z570	0	1	1	1	1	1	1	0
Q9GZY8	0	1	1	1	1	0	0	0
O60656	0	0	1	1	1	1	1	0
Q9Y2D4	0	0	1	1	1	1	1	0
Q99704	1	0	1	1	1	1	1	0
O95243	1	0	1	1	1	1	1	0
Q9UQ52	0	0	1	1	1	0	0	0
Q8IYW5	1	1	1	1	1	1	1	0
Q2LD37	0	0	1	1	1	0	0	0
Q96KA5	0	0	1	1	1	1	1	0
P47902	1	0	1	1	1	1	1	0
P35408	0	1	1	1	1	1	1	0
Q9UMR5	1	0	1	0	1	0	0	0
P25440	1	0	1	1	1	0	0	0
O00458	0	1	1	1	1	0	0	0
Q86XI2	0	0	1	1	1	0	0	0
Q9NP71	0	1	1	1	1	1	1	0
O00291	1	1	1	1	1	1	1	0
Q96E11	0	0	1	1	1	0	0	0
Q92824	0	0	1	1	1	0	0	0
B0YJ81	0	0	1	1	1	0	0	0
Q8TDM6	0	0	1	1	1	1	1	0
Q13206	1	1	1	1	1	1	1	0
P14921	1	0	1	1	1	1	1	0
P48547	0	0	1	0	1	0	0	0
P78524	0	0	1	1	1	0	0	0
O95294	0	0	1	1	1	1	1	0
Q92979	1	1	1	0	1	0	0	0
O60312	0	0	1	1	1	1	1	0
P42126	1	0	1	1	1	1	1	0
Q12952	0	0	1	1	1	1	1	0
O00159	1	1	1	1	1	1	1	0
P36955	1	1	1	1	1	1	1	0
P46734	0	0	1	1	1	0	0	0
P17509	0	0	1	1	1	0	0	0
Q9UHV7	0	1	1	1	1	1	1	0
Q8N205	0	1	1	1	1	1	1	0
Q7Z7M0	0	0	1	1	1	1	1	0
P25940	0	0	1	1	1	1	1	0
Q96J02	1	0	1	1	1	1	1	0
Q8TD26	0	1	1	1	1	0	0	0
P78563	1	0	1	1	1	0	0	0
P11274	1	1	1	1	1	1	1	0
P56556	1	0	1	1	1	1	1	0
P05141	0	1	1	1	1	1	1	0
Q9NNX9	0	1	1	1	1	1	1	0
Q96DX4	0	1	1	1	1	0	0	0
O15400	0	0	1	1	1	0	0	0
Q7Z3T1	0	0	1	1	1	0	0	0
Q8WWV3	1	1	1	1	1	1	1	0
Q96NT0	0	1	0	1	1	1	1	0
Q8N511	0	1	1	1	1	1	1	0
Q8N766	0	0	1	1	1	0	0	0
Q99807	0	1	1	1	1	0	0	0
Q6N022	0	1	1	1	1	1	1	0
Q86VD7	0	0	1	1	1	1	1	0
P35548	0	1	1	1	1	1	1	0
O95136	0	1	1	1	1	0	0	0
P48449	1	1	1	1	1	0	0	0
Q9BWF2	1	1	1	1	1	1	1	0
O60292	0	0	1	1	1	1	1	0
Q3ZCM7	0	1	1	1	1	0	1	0
Q9UPV7	1	0	1	1	1	0	0	0
Q00059	1	0	1	1	1	0	0	0
Q9HCK1	0	0	1	1	1	1	1	0
Q9ULM3	1	0	1	1	1	0	0	0
Q9NRU3	0	0	1	1	1	1	1	0
O94851	0	0	1	1	1	1	1	0
B2RXH2	1	0	1	1	1	1	1	0
P19075	0	0	1	1	1	0	0	0
P60369	0	0	1	1	1	1	1	0
Q8N9Z2	0	0	1	1	1	1	1	0
P09917	1	0	1	1	1	1	1	0
P29590	1	0	1	1	1	1	1	0
P56182	0	0	1	1	1	0	1	0
Q495C1	0	0	1	1	1	0	0	0
Q8N436	0	0	1	1	1	1	1	0
P30990	1	0	1	1	1	1	1	0
Q9UKV5	1	0	1	1	1	1	1	0
Q10713	0	1	1	1	1	1	1	0
Q92569	0	0	1	1	1	0	0	0
Q9P021	0	0	1	1	1	1	1	0
O60673	1	0	1	1	1	0	0	0
O00482	1	0	1	1	1	0	0	0
P29323	1	0	1	1	1	0	0	0
Q9BUP0	0	0	1	1	1	1	1	0
Q9UIW0	0	0	1	1	1	1	1	0
P78536	1	0	1	1	1	1	1	0
Q96HF1	0	0	1	1	1	1	1	0
Q99466	0	0	1	1	1	0	0	0
P52849	0	0	1	1	1	0	0	0
Q6V0L0	0	0	1	1	1	1	1	0
Q7Z6J2	1	0	1	1	1	1	1	0
P13631	1	0	1	1	1	0	0	0
O60486	1	0	1	1	1	1	1	0
Q9GZS9	0	0	1	1	1	1	1	0
Q9BXA9	0	0	1	1	1	0	0	0
Q9NRE2	0	0	0	1	1	0	0	0
P36575	0	0	1	1	1	1	1	0
P54760	1	0	1	1	1	1	1	0
Q13127	1	0	1	1	1	1	1	0
Q9UHX3	1	1	1	1	1	1	1	0
Q9H808	0	1	0	1	1	1	1	0
Q8NE79	0	1	1	1	1	0	0	0
Q5F1R6	0	1	1	1	1	1	1	0
Q709C8	0	1	1	1	1	0	0	0
Q6PII3	0	1	1	1	1	1	1	0
Q08289	0	0	1	1	1	0	0	0
Q9BS91	0	0	1	1	1	1	1	0
Q8WZ60	0	0	1	1	1	1	1	0
Q9BVK6	0	0	1	1	1	1	1	0
Q02446	0	0	1	1	1	1	1	0
O00602	1	0	1	1	1	1	1	0
Q86W34	0	0	1	1	1	0	0	0
Q96EP5	0	0	1	1	1	1	1	0
Q15800	0	1	1	1	1	1	1	0
P59047	0	0	1	1	1	1	1	0
Q8N1G0	0	1	1	1	1	0	0	0
P29401	1	1	1	1	1	0	0	0
Q96K49	0	0	1	1	1	1	1	0
Q6GMR7	0	0	1	1	1	1	1	0
Q9H2D1	0	1	1	1	1	1	1	0
Q96PD7	0	0	1	1	1	1	1	0
P12829	0	1	0	1	1	0	0	0
O15056	0	0	1	1	1	1	1	0
Q96C45	0	0	1	1	1	1	1	0
Q4V328	0	0	0	1	1	1	1	0
Q7Z628	1	0	1	1	1	1	1	0
Q96JM2	0	0	1	1	1	1	1	0
Q16099	0	0	1	1	1	0	0	0
Q6PD62	0	0	1	1	1	1	1	0
Q9Y2J0	0	0	1	1	1	0	0	0
Q9BQL6	0	1	1	1	1	1	1	0
Q7L0Y3	1	1	1	1	1	1	1	0
Q96AJ1	0	0	1	1	1	0	0	0
Q8N264	0	0	1	1	1	0	0	0
P48764	0	1	1	1	1	1	1	0
Q8NFF5	0	1	1	1	1	1	1	0
Q8TAS1	0	0	1	1	1	1	1	0
P16260	0	0	1	1	1	0	0	0
Q17RG1	0	0	1	1	1	1	1	0
Q9Y2G7	0	0	1	1	1	0	0	0
Q4VCS5	0	0	1	1	1	0	0	0
P78381	0	0	1	1	1	1	1	0
Q9H6X2	1	0	1	1	1	1	1	0
Q92752	0	0	1	1	1	0	0	0
P56645	0	0	1	1	1	1	1	0
Q9H0V9	0	1	1	1	1	1	1	0
Q6NXT6	0	1	1	1	1	1	1	0
Q6NUQ1	0	1	1	1	1	1	1	0
Q8N1F7	0	1	1	1	1	1	1	0
Q9HAV4	1	0	1	1	1	1	1	0
P78543	1	0	1	1	1	0	0	0
Q96PU5	1	1	1	1	1	0	0	0
Q9NVH6	0	0	1	1	1	1	1	0
Q8NBS3	0	0	1	0	1	1	1	0
P12931	1	1	1	1	1	0	0	0
O43508	1	0	1	1	1	1	1	0
P07384	1	1	1	1	1	0	0	0
P29084	1	1	1	1	1	1	1	0
Q9UNF1	0	1	1	1	1	0	0	0
O43825	0	0	1	1	1	1	1	0
Q13133	1	1	1	1	1	0	0	0
Q502W6	0	0	1	1	1	0	0	0
Q8IZ81	0	1	1	1	1	1	1	0
P08684	1	0	1	1	1	1	1	0
Q9UHN6	0	0	1	1	1	1	1	0
Q9UHP9	0	0	1	1	1	1	1	0
Q8WU66	0	1	1	1	1	1	1	0
O00548	1	0	1	1	1	1	1	0
P49736	1	1	1	1	1	1	1	0
Q9NR45	0	1	1	1	1	1	1	0
Q8NC56	0	1	1	1	1	1	1	0
Q8TDX9	0	0	1	1	1	1	1	0
Q8N0Y7	0	1	1	1	1	1	1	0
P50747	0	1	1	1	1	0	0	0
Q5T890	0	0	1	1	1	1	1	0
P51572	1	1	1	1	1	0	0	0
P27918	0	1	1	1	1	0	0	0
Q9UL68	0	0	1	1	1	1	1	0
Q96Q05	0	0	1	1	1	0	0	0
Q9NS15	0	0	1	1	1	1	1	0
Q9H1C4	0	0	1	1	1	1	1	0
Q9NZ94	0	0	1	1	1	1	1	0
Q9Y2H9	1	0	1	1	1	1	1	0
Q70Z35	0	0	1	1	1	1	1	0
Q8IUX1	0	0	1	1	1	1	1	0
Q15904	0	1	1	1	1	1	1	0
O75746	1	1	1	1	1	1	1	0
Q96MC2	0	1	1	1	1	1	1	0
O96004	0	0	1	1	1	1	1	0
Q86XR8	1	0	1	1	1	0	0	0
P61254	0	0	1	1	1	1	1	0
Q9UEY8	0	1	1	1	1	0	0	0
Q9P2P5	0	0	1	1	1	1	1	0
Q9H2B4	0	1	1	1	1	0	0	0
P08473	1	1	1	1	1	0	0	0
Q99743	0	0	1	1	1	1	1	0
Q92622	0	0	1	1	1	0	0	0
Q14831	1	0	1	1	1	1	1	0
Q8NHM5	1	0	1	1	1	0	0	0
Q96RD7	0	0	1	1	1	1	1	0
Q8NDL9	0	1	1	1	1	0	0	0
P16520	0	1	1	1	1	1	1	0
Q8WW01	1	1	1	1	1	1	1	0
Q9Y5R6	1	0	1	1	1	1	1	0
Q9NQX0	0	0	1	1	1	1	1	0
P02689	1	0	1	1	1	1	1	0
Q9NUV7	0	0	1	1	1	1	1	0
P21810	0	1	1	1	1	1	1	0
P28908	1	0	1	0	1	0	0	0
Q95460	1	0	1	1	1	0	0	0
Q07011	1	1	1	1	1	1	1	0
Q14449	1	0	1	1	1	1	1	0
O43516	1	0	1	1	1	0	0	0
P11137	0	0	1	1	1	0	0	0
P25025	0	0	1	1	1	1	1	0
Q96DZ7	0	0	1	1	1	0	0	0
Q8IVS8	0	1	1	1	1	0	0	0
Q96EA4	0	0	0	1	1	1	1	0
O15018	0	0	1	1	1	1	1	0
O95551	1	0	1	1	1	1	1	0
Q8WZ74	0	0	1	1	1	1	1	0
P42658	1	0	1	1	1	0	0	0
Q9BT81	0	0	1	1	1	1	1	0
Q96JE9	0	0	0	1	1	1	1	0
Q6NZY4	1	0	1	1	1	0	0	0
Q12929	0	0	1	1	1	0	0	0
Q9NPD5	0	1	1	1	1	0	0	0
Q659A1	0	0	1	1	1	1	1	0
Q8NHY3	0	0	1	1	1	0	0	0
P51692	0	1	1	1	1	1	1	0
P55087	1	0	1	1	1	1	1	0
Q9H254	0	0	1	1	1	1	1	0
O15554	1	1	1	1	1	1	1	0
P20749	1	0	1	1	1	1	1	0
Q96SL8	0	0	1	1	1	1	1	0
Q8IV53	0	0	1	1	1	1	1	0
Q9Y698	0	0	1	1	1	1	1	0
Q9P0X4	0	0	1	1	1	0	0	0
Q16280	0	0	1	1	1	1	1	0
A6NNY8	0	0	1	1	1	0	0	0
P11844	0	0	1	1	1	1	1	0
Q13515	0	1	1	1	1	1	1	0
P60880	1	1	1	1	1	1	1	0
P53602	1	1	1	1	1	1	1	0
O75962	1	1	1	1	1	0	0	0
Q8WWZ3	0	1	1	1	1	1	1	0
Q8N442	0	1	1	1	1	1	1	0
O75419	1	1	1	1	1	0	0	0
Q15650	0	1	1	1	1	1	1	0
Q08AM6	0	0	1	1	1	1	1	0
P61619	0	1	1	1	1	1	1	0
Q96E22	0	0	1	1	1	1	1	0
Q9Y366	0	1	1	1	1	0	0	0
P41252	0	1	1	1	1	0	0	0
P59910	0	0	1	1	1	1	1	0
Q9BYT9	0	0	1	1	1	1	1	0
Q9UBY9	0	0	1	1	1	1	1	0
Q8IYT1	0	0	1	1	1	1	1	0
Q7Z5W3	0	0	1	1	1	1	1	0
Q00722	1	0	1	1	1	1	1	0
E9PKD4	0	0	1	1	1	1	1	0
Q13084	1	0	1	1	1	0	0	0
P55287	0	0	1	1	1	1	1	0
Q96BN8	1	1	1	1	1	1	1	0
Q8TDR0	0	1	1	1	1	1	1	0
Q16644	1	1	1	1	1	0	0	0
Q8TEW0	0	0	1	1	1	0	0	0
P50452	0	1	1	1	1	0	0	0
Q6UY14	0	1	1	1	1	0	0	0
Q9NRM1	0	1	1	1	1	1	1	0
Q9UGP8	0	0	1	1	1	1	1	0
Q9Y5K6	1	1	1	1	1	1	1	0
P16157	1	0	1	1	1	0	0	0
Q8NHU6	1	1	1	1	1	1	1	0
Q3MJ13	0	1	1	1	1	0	0	0
O43318	1	1	1	1	1	0	0	0
Q96DX7	0	1	1	1	1	1	1	0
P43007	0	1	1	1	1	1	1	0
Q13510	0	0	1	1	1	1	1	0
P23434	0	1	1	1	1	1	1	0
Q9GZZ9	1	1	1	1	1	0	0	0
P40926	1	1	1	1	1	1	1	0
P41091	0	1	1	1	1	1	1	0
P18505	0	1	1	1	1	1	1	0
Q9Y2K9	0	0	1	1	1	1	1	0
Q15652	1	0	1	1	1	1	1	0
P46940	1	0	1	1	1	1	1	0
P61328	1	1	1	1	1	0	0	0
P78357	0	0	1	1	1	1	1	0
O15399	0	1	1	1	1	1	1	0
Q8N3X1	0	0	1	1	1	1	1	0
Q96MG7	1	0	1	1	1	1	1	0
Q8TC36	0	0	1	1	1	1	1	0
Q6ZMI3	0	0	1	1	1	1	1	0
Q9Y5W7	1	0	1	1	1	1	1	0
Q86YW0	0	1	1	1	1	1	1	0
Q8IVL1	0	0	1	1	1	0	0	0
O60565	1	0	1	1	1	1	1	0
Q6P2P2	0	0	1	1	1	1	1	0
Q16832	1	1	1	1	1	0	0	0
Q9BUN5	0	1	1	1	1	1	1	0
Q9Y2U8	0	0	1	1	1	1	1	0
P11413	1	0	1	1	1	0	0	0
P48740	1	0	1	1	1	0	0	0
O60907	1	0	1	1	1	0	0	0
Q8IWV2	0	0	1	1	1	0	0	0
Q6PIF6	1	0	1	1	1	0	0	0
Q5T4F4	0	0	1	1	1	0	0	0
Q9P265	0	0	1	1	1	1	1	0
Q07973	0	1	1	1	1	1	1	0
P21918	0	0	1	1	1	1	1	0
P40855	1	0	1	1	1	1	1	0
Q9UPP1	1	0	1	1	1	0	0	0
P22680	1	0	1	1	1	1	1	0
Q8WX94	0	0	1	1	1	0	0	0
Q0ZLH3	0	1	1	1	1	0	0	0
Q13835	1	0	1	1	1	0	0	0
O15266	0	1	1	1	1	0	0	0
O95832	0	1	1	1	1	1	1	0
Q9UBB4	0	0	1	1	1	1	1	0
Q8TDD2	0	0	1	1	1	0	0	0
O95239	0	1	1	1	1	1	1	0
Q13043	1	0	1	1	1	0	0	0
O00187	1	1	1	1	1	1	1	0
Q92990	1	0	1	1	1	1	1	0
Q6QHK4	0	0	1	1	1	1	1	0
Q9BUL8	1	0	1	1	1	0	0	0
Q8TE56	0	1	1	1	1	1	1	0
Q01432	0	0	1	1	1	0	0	0
P54710	0	0	1	1	1	0	0	0
P07585	0	1	1	1	1	0	0	0
P02794	1	0	1	1	1	1	1	0
Q8NEC5	0	0	1	1	1	1	1	0
Q86WG3	0	0	1	1	1	1	1	0
P23526	1	0	1	1	1	1	1	0
O94906	1	1	1	1	1	1	1	0
Q8TCY5	0	0	1	1	1	0	0	0
Q96F46	1	1	1	1	1	1	1	0
Q9NST1	0	0	1	1	1	1	1	0
Q9BQB4	1	1	1	1	1	1	1	0
P18545	1	0	1	1	1	1	1	0
Q8WVV4	1	1	0	1	1	1	1	0
Q9UQB9	0	0	1	1	1	1	1	0
Q6NUK1	1	0	1	1	1	0	0	0
P22466	0	1	1	1	1	1	1	0
P34931	1	0	1	1	1	0	0	0
P26038	1	1	1	1	1	1	1	0
Q16572	0	0	1	1	1	1	1	0
Q15915	0	1	1	1	1	1	1	0
O15460	0	1	1	1	1	0	0	0
Q9UI95	1	1	1	1	1	0	0	0
O60930	1	1	1	1	1	1	1	0
Q96F86	1	0	1	1	1	0	0	0
Q9H2U2	0	1	1	1	1	1	1	0
Q6TGC4	1	1	1	0	1	0	0	0
O14907	1	0	1	1	1	1	1	0
Q5HYJ1	0	0	1	1	1	1	1	0
Q9HCR9	0	0	1	1	1	1	1	0
Q6ZVZ8	0	0	1	1	1	1	1	0
P61073	1	0	1	1	1	1	1	0
Q9NPC2	1	1	1	1	1	0	0	0
O75603	0	1	1	1	1	1	1	0
P01344	1	0	1	1	1	0	0	0
Q9Y4G2	1	0	1	1	1	0	0	0
Q86T24	1	0	1	1	1	0	0	0
Q12791	1	0	1	1	1	0	0	0
Q5JY77	0	0	1	1	1	0	0	0
Q8NFD5	1	0	1	1	1	0	0	0
O00567	0	0	1	1	1	1	1	0
Q8N8Q9	0	0	1	1	1	0	0	0
Q7Z403	0	0	1	1	1	0	0	0
O94903	0	1	1	1	1	1	1	0
Q9BZG2	0	1	1	1	1	1	1	0
Q9ULW8	0	1	1	1	1	1	1	0
Q9H772	0	0	1	1	1	1	1	0
O60336	0	0	1	1	1	1	1	0
Q6IQ26	0	1	1	1	1	1	1	0
Q96TA2	0	1	1	1	1	1	1	0
Q96AX1	1	0	1	1	1	1	1	0
Q9Y4X0	0	1	1	1	1	1	1	0
P28476	0	0	1	1	1	1	1	0
O43900	0	0	1	1	1	0	0	0
Q99424	0	1	1	1	1	1	1	0
P30542	1	0	1	1	1	0	0	0
Q6GMV3	0	0	1	1	1	1	1	0
Q9HC73	1	1	0	0	1	0	0	0
Q01081	1	0	1	1	1	1	1	0
P00519	1	0	1	1	1	1	1	0
P10398	1	0	1	1	1	0	0	0
P08922	1	0	1	1	1	1	1	0
P21860	1	0	1	1	1	1	1	0
P49902	1	1	1	1	1	0	0	0
Q9BXN2	0	1	1	1	1	0	0	0
P28482	1	1	1	1	1	0	0	0
P33991	0	0	1	1	1	0	0	0
P61586	1	0	1	1	1	1	1	0
O43280	0	0	1	1	1	0	0	0
Q13464	1	0	1	1	1	1	1	0
P31271	0	1	1	1	1	1	1	0
Q2KHM9	0	0	1	1	1	1	1	0
P31939	1	1	1	1	1	1	1	0
P18089	0	0	1	1	1	0	0	0
Q5XUX0	1	0	1	1	1	1	1	0
Q6ZN16	0	1	1	1	1	1	1	0
P05019	1	0	1	1	1	1	1	0
O15055	0	1	1	1	1	1	1	0
Q96P67	0	0	1	1	1	1	1	0
Q15126	1	0	1	1	1	1	1	0
Q9NWF4	0	1	1	1	1	0	0	0
A6NFK2	0	0	0	1	1	1	1	0
Q76L83	0	0	1	1	1	0	0	0
Q9UKE5	1	0	1	1	1	0	0	0
Q9H0W5	1	1	1	1	1	1	1	0
Q5JTJ3	0	0	1	1	1	0	0	0
Q9H3H1	0	1	1	1	1	1	1	0
Q9NPC8	0	0	1	1	1	1	1	0
Q8WTS1	0	1	1	1	1	1	1	0
P49767	1	0	1	1	1	0	0	0
Q4G0N4	0	1	1	1	1	0	0	0
Q9BRT2	0	1	0	1	1	0	0	0
P15085	1	0	1	1	1	1	1	0
Q96LT7	0	0	1	1	1	0	0	0
O15111	1	0	1	1	1	1	1	0
Q8IU99	0	0	1	1	1	1	1	0
Q6DD88	1	0	1	1	1	1	1	0
P01270	1	1	1	1	1	0	0	0
P54259	0	0	1	1	1	0	0	0
Q5TAT6	0	0	1	1	1	0	0	0
Q12980	1	0	1	1	1	0	0	0
Q02413	0	0	1	1	1	1	1	0
P28370	0	0	1	1	1	1	1	0
Q9BYP7	1	0	1	1	1	0	0	0
Q9BQP7	0	1	1	1	1	1	1	0
P05546	1	1	1	1	1	0	0	0
Q8NFZ3	0	0	1	1	1	0	0	0
P32969	0	0	1	1	1	0	0	0
Q03135	0	0	1	1	1	1	1	0
O95521	0	0	0	1	1	1	1	0
P05161	1	0	1	1	1	1	1	0
Q96PN6	1	0	1	1	1	0	0	0
P41220	1	0	1	1	1	1	1	0
Q96GW7	0	0	1	1	1	1	1	0
Q96T58	1	0	1	1	1	1	1	0
P04003	1	0	1	1	1	1	1	0
Q5T1R4	0	0	1	1	1	1	1	0
O95382	0	0	1	1	1	0	0	0
O75116	1	0	1	1	1	1	1	0
Q9NRP7	0	0	1	1	1	0	0	0
Q13797	0	0	1	1	1	1	1	0
Q8TF72	1	0	1	1	1	1	1	0
P15421	0	0	0	1	1	0	0	0
Q9NU22	0	0	1	1	1	0	0	0
O95050	1	0	1	1	1	1	1	0
O96001	0	0	0	1	1	1	1	0
O14520	0	0	1	1	1	1	1	0
Q9P243	0	0	1	1	1	1	1	0
P22894	1	0	1	1	1	1	1	0
Q86TM6	0	0	1	1	1	0	0	0
P52630	1	0	1	1	1	1	1	0
Q8TBY9	0	0	1	1	1	1	1	0
Q96S06	0	0	1	1	1	1	1	0
Q8TD57	0	0	1	1	1	1	1	0
Q9NYC9	0	0	1	1	1	1	1	0
Q12965	0	1	1	1	1	1	1	0
Q68DV7	1	0	1	1	1	1	1	0
Q8IU68	0	0	1	1	1	1	1	0
P21462	0	0	1	1	1	1	1	0
P17213	1	0	1	1	1	1	1	0
O43435	1	0	1	1	1	1	1	0
A1L4H1	0	0	1	1	1	1	1	0
P15018	1	0	1	1	1	1	1	0
P08254	1	0	1	1	1	1	1	0
P63279	1	1	1	1	1	0	0	1
P63165	1	1	1	1	0	0	0	1
Q9H3S4	1	1	1	1	1	1	1	1
P0DP23	1	1	0	0	0	0	0	1
P62166	1	1	1	1	0	1	1	1
P35520	1	1	1	1	1	0	0	1
P35520	1	1	1	1	1	0	0	1
P35520	1	1	1	1	1	0	0	1
Q9NZ01	0	1	1	1	1	1	1	1
P31150	0	1	1	1	1	1	1	1
P42898	1	1	1	1	1	0	0	1
P04035	1	1	1	1	1	0	0	1
P0DP23	1	1	0	0	0	0	0	1